Date,Open,High,Low,Close,Volume
20110105,13.8,13.8,13.72,13.72,1219
20110106,13.8,13.85,13.78,13.78,1212
20110107,13.87,13.87,13.8,13.86,6902
20110110,13.83,13.83,13.73,13.73,2238
20110111,13.85,14.02,13.85,14.02,14232
20110112,14.04,14.04,14.04,14.04,1249
20110113,13.98,14,13.98,14,858
20110114,14,14,13.86,13.86,2050
20110117,13.86,13.87,13.74,13.8,4051
20110118,13.75,13.82,13.72,13.78,8490
20110119,13.77,13.77,13.75,13.75,1053
20110120,13.82,13.82,13.74,13.79,5363
20110121,13.7,13.7,13.7,13.7,6000
20110124,13.72,13.75,13.72,13.75,8612
20110125,13.44,13.47,13.37,13.47,13292
20110127,13.5,13.58,13.5,13.58,5047
20110128,13.33,13.33,13.24,13.24,16500
20110131,13.6,13.64,13.4,13.4,10149
20110201,13.36,13.4,13.36,13.4,2490
20110202,13.33,13.33,13.3,13.3,3648
20110203,13.26,13.26,13.2,13.2,1956
20110204,13.35,13.35,13.32,13.32,604
20110207,13.3,13.3,13.3,13.3,550
20110208,13.4,13.4,13.36,13.36,5885
20110209,13.5,13.5,13.5,13.5,2240
20110210,13.5,13.5,13.5,13.5,0
20110211,13.6,13.6,13.6,13.6,3000
20110214,13.6,13.6,13.6,13.6,0
20110215,13.6,13.6,13.6,13.6,0
20110216,13.75,13.75,13.75,13.75,512
20110217,13.75,13.75,13.75,13.75,0
20110218,13.74,13.74,13.65,13.74,6243
20110221,13.75,13.79,13.75,13.75,1047
20110222,13.93,14.09,13.93,13.95,16252
20110223,13.98,14.03,13.97,13.97,3290
20110224,14.08,14.17,14.07,14.08,12263
20110225,13.88,13.88,13.88,13.88,500
20110228,13.86,13.86,13.86,13.86,3184
20110301,13.83,13.93,13.83,13.93,3671
20110302,14.16,14.19,14.09,14.12,12572
20110303,14.1,14.18,14.09,14.09,6047
20110304,13.98,13.98,13.97,13.97,1636
20110307,14.24,14.24,14.14,14.24,1348
20110308,13.9,14.18,13.9,14.15,3071
20110309,14.15,14.18,14.12,14.12,4029
20110310,14.18,14.19,14.18,14.19,3698
20110311,14.15,14.17,14.07,14.12,7629
20110314,14.18,14.18,14.18,14.18,3500
20110315,14.2,14.2,14.2,14.2,2150
20110316,14.16,14.16,14.06,14.1,3526
20110317,14.27,14.29,14.18,14.19,6755
20110318,14.26,14.28,14.26,14.28,806
20110321,14.28,14.28,14.28,14.28,0
20110322,14.28,14.28,14.28,14.28,1000
20110323,14.18,14.18,14.12,14.12,7000
20110324,14.12,14.12,14.12,14.12,0
20110325,14.1,14.13,14.1,14.13,10040
20110328,13.97,13.97,13.97,13.97,1160
20110329,13.93,13.93,13.84,13.9,2566
20110330,13.82,13.82,13.71,13.71,23787
20110331,13.76,13.76,13.76,13.76,1500
20110401,13.85,13.85,13.85,13.85,2250
20110404,13.8,13.83,13.72,13.83,8551
20110405,13.95,13.99,13.86,13.99,3368
20110406,14,14.1,14,14.02,4565
20110407,13.99,13.99,13.88,13.88,1555
20110408,13.93,14,13.9,14,7404
20110411,13.92,14,13.92,13.92,4020
20110412,13.9,13.96,13.87,13.93,6619
20110413,13.93,14,13.9,14,2435
20110414,13.93,13.93,13.93,13.93,1000
20110415,14,14,13.97,14,4629
20110418,14.16,14.16,14.16,14.16,2950
20110419,14.3,14.3,14.2,14.28,20806
20110420,14.22,14.22,14.21,14.21,19071
20110421,14.01,14.12,14.01,14.07,13620
20110427,15,15,13.96,13.97,5116
20110428,13.98,14.06,13.98,14.06,13738
20110429,14.2,14.2,14.12,14.12,8500
20110502,14.2,14.28,14.1,14.28,9408
20110503,14.18,14.18,14.14,14.14,6560
20110504,14.2,14.21,14.14,14.15,19544
20110505,14.1,14.15,14.06,14.12,18032
20110506,14,14,13.86,13.9,14697
20110509,13.87,14,13.87,13.99,6692
20110510,13.99,13.99,13.99,13.99,0
20110511,14.03,14.05,14,14,2595
20110512,14.21,14.21,14.18,14.18,4030
20110513,14.18,14.18,14.18,14.18,0
20110516,14.18,14.2,14.08,14.1,7500
20110517,14.08,14.08,14.08,14.08,600
20110518,14.04,14.08,13.99,13.99,5000
20110519,14.12,14.12,14,14.02,9865
20110520,14.06,14.06,14.06,14.06,200
20110523,14.31,14.35,14.25,14.35,4935
20110524,14.3,14.47,14.3,14.39,4043
20110525,14.43,14.55,14.43,14.52,3316
20110526,14.5,14.55,14.42,14.42,3769
20110527,14.38,14.38,14.27,14.33,12900
20110530,14.43,14.43,14.43,14.43,35
20110531,14.37,14.37,14.37,14.37,2200
20110601,14.38,14.38,14.2,14.2,1080
20110602,14.5,14.55,14.5,14.55,416
20110603,14.31,14.42,14.31,14.4,3736
20110606,14.37,14.45,14.37,14.38,3502
20110607,14.45,14.45,14.35,14.42,2598
20110608,14.48,14.48,14.48,14.48,1000
20110609,14.48,14.48,14.48,14.48,0
20110610,14.5,14.6,14.5,14.6,8550
20110614,14.35,14.35,14.26,14.26,1860
20110615,14.26,14.3,14.26,14.3,3750
20110616,14.5,14.5,14.42,14.44,7061
20110617,14.45,14.58,14.43,14.58,14828
20110620,14.5,14.5,14.48,14.48,2626
20110621,14.5,14.6,14.5,14.6,2917
20110622,14.65,14.65,14.65,14.65,350
20110623,14.65,14.72,14.63,14.72,4612
20110624,14.6,14.6,14.43,14.43,10441
20110627,14.42,14.42,14.35,14.36,9444
20110628,14.39,14.39,14.35,14.39,5299
20110629,14.3,14.33,14.27,14.3,6525
20110630,14.17,14.17,14.04,14.04,9250
20110701,14.07,14.07,14.07,14.07,787
20110704,13.88,13.98,13.82,13.98,22495
20110705,13.98,13.98,13.98,13.98,0
20110706,14.2,14.2,14.15,14.17,10111
20110707,14.31,14.31,14.3,14.3,2000
20110708,14.3,14.3,14.24,14.26,10100
20110711,14.47,14.48,14.47,14.48,3300
20110712,14.55,14.7,14.55,14.68,43617
20110713,14.9,14.9,14.75,14.78,4544
20110714,14.8,14.82,14.79,14.82,21071
20110715,14.82,14.83,14.72,14.75,15255
20110718,15,15.04,15,15.02,7981
20110719,15.05,15.15,15.05,15.15,4705
20110720,15.25,15.25,14.75,14.86,21006
20110721,14.95,15,14.95,14.95,10928
20110722,14.74,14.74,14.72,14.72,1370
20110725,14.81,14.99,14.78,14.97,6269
20110726,14.87,14.87,14.83,14.83,4920
20110727,14.84,14.84,14.66,14.74,11908
20110728,14.67,14.68,14.56,14.66,19556
20110729,14.78,14.78,14.66,14.69,8420
20110801,14.7,14.7,14.6,14.65,1700
20110802,14.82,14.83,14.82,14.83,6100
20110803,15.45,15.49,15.36,15.45,16248
20110804,15.42,15.6,15.42,15.6,9456
20110805,15.75,15.9,15.7,15.89,75327
20110808,16.08,16.52,16.08,16.52,36344
20110809,17,17.7,17,17.3,39887
20110810,17,17.15,16.7,16.93,18961
20110811,17.55,17.9,17.4,17.5,21505
20110812,17.4,17.4,16.93,17.1,16190
20110815,17.3,17.3,16.54,16.78,7126
20110816,16.81,16.93,16.8,16.91,7590
20110817,17.25,17.25,16.97,17.08,4719
20110818,17.25,17.25,17,17.1,7976
20110819,17.75,17.92,17.7,17.88,28442
20110822,18,18.14,17.96,18.14,18762
20110823,18.25,18.44,18.13,18.13,28576
20110824,17.5,17.7,17.5,17.66,17486
20110825,16.65,16.9,16.55,16.75,52720
20110826,16.72,17,16.72,16.97,36148
20110829,17.08,17.25,17.04,17.2,17043
20110830,16.82,16.91,16.82,16.88,28248
20110831,17.05,17.23,17.05,17.21,13350
20110901,17.16,17.16,16.95,17.05,14376
20110902,17.05,17.17,17.05,17.1,7583
20110905,17.73,17.9,17.7,17.83,39061
20110906,18.04,18.27,18.04,18.27,11144
20110907,18.3,18.3,17.45,17.45,12493
20110908,17,17.45,17,17.44,28630
20110909,17.65,17.65,17.5,17.65,18239
20110912,17.75,17.95,17.7,17.75,54395
20110913,17.6,17.78,17.55,17.78,24590
20110914,17.7,18.03,17.65,17.86,11759
20110915,18,18,17.63,17.63,5120
20110916,17.1,17.26,17.05,17.22,18287
20110919,17.82,17.82,17.7,17.7,6235
20110920,17.4,17.56,17.3,17.3,4149
20110921,17.6,17.75,17.6,17.75,12461
20110922,17.85,17.85,17.63,17.85,44665
20110923,17.9,17.9,17.63,17.84,28751
20110926,16.71,16.96,16.38,16.38,46300
20110927,16.6,16.8,16.6,16.77,12139
20110928,16.55,16.73,16.52,16.7,15938
20110929,16.5,16.6,16.4,16.6,7192
20110930,16.6,16.78,16.48,16.71,4750
20111003,16.9,17.1,16.9,17.06,19225
20111004,17.58,17.65,17.56,17.6,6918
20111005,17.15,17.23,17,17,16318
20111006,17,17.15,16.97,17.15,27082
20111007,17.06,17.06,16.88,16.88,11476
20111010,16.96,16.96,16.88,16.9,23250
20111011,16.92,16.96,16.9,16.96,1295
20111012,16.65,16.65,16.65,16.65,800
20111013,16.8,16.8,16.53,16.53,16014
20111014,16.5,16.5,16.31,16.45,21601
20111017,16.33,16.4,16.3,16.35,7741
20111018,16.54,16.54,16.33,16.33,6064
20111019,16.25,16.31,16.15,16.22,27889
20111020,16.11,16.11,15.9,15.97,13220
20111021,15.9,16.01,15.72,15.83,13838
20111024,15.95,15.95,15.88,15.88,3329
20111025,15.88,15.9,15.8,15.9,14060
20111026,16.2,16.6,16.2,16.6,4291
20111027,16.6,16.6,16.44,16.44,1616
20111028,16.3,16.45,16.3,16.45,13460
20111031,16.24,16.41,16.22,16.22,5215
20111101,16.15,16.26,16.15,16.26,7800
20111102,16.75,16.8,16.7,16.7,10800
20111103,17.03,17.03,16.8,16.97,4600
20111104,16.97,17,16.84,17,1210
20111107,17.2,17.2,16.94,17.14,9042
20111108,17.38,17.45,17.37,17.45,18927
20111109,17.5,17.5,17.2,17.4,25500
20111110,17.58,17.58,17.31,17.31,7350
20111111,17.32,17.4,17.15,17.4,4130
20111114,17.44,17.49,17.3,17.49,9080
20111115,17.45,17.45,17.3,17.3,4741
20111116,17.5,17.65,17.45,17.5,6906
20111117,17.5,17.61,17.5,17.55,11592
20111118,17.35,17.35,17.1,17.15,8678
20111121,17.3,17.3,17.14,17.27,8986
20111122,17.11,17.17,17.05,17.12,4270
20111123,17.4,17.57,17.34,17.57,29402
20111124,17.9,17.9,17.33,17.5,58806
20111125,17.95,17.95,17.35,17.5,18304
20111128,17.29,17.46,17.22,17.46,37418
20111129,17.34,17.37,17.21,17.35,14760
20111130,17.3,17.3,17.1,17.2,8569
20111201,17.13,17.2,16.95,17.1,9790
20111202,17.16,17.17,17.09,17.14,21578
20111205,17.1,17.18,17.07,17.18,7332
20111206,16.88,16.95,16.82,16.9,6529
20111207,16.98,16.98,16.81,16.81,4889
20111208,16.9,17.03,16.9,17.01,5061
20111209,17.2,17.2,16.72,16.97,14619
20111212,16.85,16.88,16.71,16.74,11806
20111213,16.62,16.67,16.47,16.5,25573
20111214,16.5,16.5,16.3,16.3,1834
20111215,15.89,16.04,15.89,15.98,12943
20111216,15.25,16.01,14,15.97,19193
20111219,16.15,16.2,15.93,16.17,34306
20111220,16.2,16.2,15.97,16.15,4345
20111221,16.18,16.18,16.1,16.1,3698
20111222,16.1,16.13,16.06,16.08,3151
20111223,15.93,15.95,15.93,15.93,3298
20111228,15.77,15.78,15.7,15.7,12786
20111229,15.55,15.55,15.4,15.44,6016
20111230,15.44,15.44,15.19,15.32,11383
20120103,15.43,15.45,15.38,15.41,9877
20120104,15.6,15.6,15.38,15.38,4691
20120105,15.69,15.76,15.53,15.75,21796
20120106,15.92,15.97,15.85,15.97,3906
20120109,15.81,15.95,15.79,15.79,6261
20120110,15.82,15.82,15.78,15.79,3693
20120111,15.78,15.94,15.78,15.85,62138
20120112,15.9,16.06,15.9,16.06,2805
20120113,16.08,16.08,16,16,2733
20120116,16.01,16.07,16.01,16.04,2903
20120117,16.04,16.04,16,16,1403
20120118,16.05,16.05,15.96,16,13694
20120119,16.11,16.12,16,16.1,6142
20120120,16.1,16.1,15.85,15.9,22350
20120123,16,16.05,16,16.03,5594
20120124,16.1,16.1,16,16,7313
20120125,16,16.01,15.8,15.9,7698
20120127,16.01,16.32,16.01,16.32,17017
20120130,16.44,16.47,16.44,16.47,10217
20120131,16.5,16.5,16.3,16.43,11579
20120201,16.45,16.48,16.44,16.48,3275
20120202,16.48,16.48,16.31,16.39,3297
20120203,16.43,16.54,16.39,16.54,4252
20120206,16.13,16.3,16.13,16.3,8565
20120207,16.1,16.17,16.03,16.05,20494
20120208,16,16.31,16,16.3,11405
20120209,16.17,16.18,16.14,16.16,8724
20120210,16.12,16.25,16.04,16.25,12959
20120213,16.15,16.22,16.1,16.2,12854
20120214,16.16,16.18,16.01,16.01,4388
20120215,16.05,16.19,16.01,16.01,10856
20120216,16.24,16.24,16.06,16.22,8982
20120217,16.2,16.2,16.01,16.15,2044
20120220,16,16.2,15.97,16.2,5445
20120221,16.28,16.28,16.12,16.13,6681
20120222,16.61,16.61,16.51,16.51,818
20120223,16.65,16.68,16.6,16.6,8209
20120224,16.68,16.68,16.65,16.65,2840
20120227,16.51,16.51,16.51,16.51,2000
20120228,16.52,16.53,16.37,16.37,2998
20120229,16.68,16.68,16.59,16.59,1100
20120301,16,16.13,15.89,15.96,19005
20120302,16,16.05,16,16.04,13468
20120305,16.01,16.1,16,16.08,8320
20120306,16.06,16.06,16,16,3122
20120307,15.82,16,15.82,16,1562
20120308,16,16.03,15.9,16,5446
20120309,16,16.09,16,16.09,2970
20120312,16.3,16.3,16.3,16.3,3645
20120313,16.25,16.25,16.25,16.25,500
20120314,15.9,16.05,15.8,16.05,1973
20120315,15.83,15.85,15.75,15.8,7780
20120316,15.85,15.86,15.8,15.8,6086
20120319,15.65,15.8,15.65,15.8,6626
20120320,15.8,15.8,15.61,15.61,7982
20120321,15.83,15.83,15.83,15.83,2504
20120322,15.9,15.95,15.72,15.94,10297
20120323,15.94,15.94,15.77,15.92,4567
20120326,15.9,15.9,15.9,15.9,1600
20120327,15.99,16.14,15.99,16.14,6772
20120328,16.2,16.2,16.2,16.2,3000
20120329,15.93,16.05,15.93,16.05,8100
20120330,16.05,16.07,15.95,16.07,5245
20120402,16.07,16.07,15.99,15.99,3995
20120403,16.04,16.1,16.04,16.1,5200
20120404,16,16.09,15.93,16.09,4209
20120405,16,16,15.85,15.85,1134
20120410,16.05,16.05,16.05,16.05,250
20120411,16.12,16.22,16.12,16.22,1495
20120412,16.18,16.18,16.12,16.12,3982
20120413,16.12,16.12,16.12,16.12,251
20120416,16.09,16.09,16,16,1760
20120417,16.03,16.03,15.92,15.92,5304
20120418,15.95,15.98,15.95,15.98,5600
20120419,15.93,15.93,15.93,15.93,251
20120420,15.95,16.03,15.89,16.03,847
20120423,15.9,15.98,15.9,15.98,7069
20120424,15.98,16.04,15.9,16,2532
20120426,15.82,15.97,15.82,15.82,6260
20120427,15.91,15.98,15.91,15.91,6328
20120430,16,16.02,16,16.01,2116
20120501,16.06,16.22,15.92,16.22,20233
20120502,16.18,16.18,16.08,16.08,14958
20120503,16,16.1,15.98,15.99,7778
20120504,16,16.03,15.95,16.02,4805
20120507,16,16.18,16,16.15,3917
20120508,16.1,16.17,16,16.15,7902
20120509,15.9,15.9,15.9,15.9,1256
20120510,15.75,15.89,15.75,15.8,8828
20120511,15.81,15.9,15.81,15.9,3738
20120514,15.8,15.84,15.79,15.83,2749
20120515,15.7,15.7,15.55,15.63,23508
20120516,15.51,15.58,15.5,15.5,13490
20120517,15.63,15.67,15.51,15.55,4589
20120518,16.02,16.09,15.91,16.09,8653
20120521,16.24,16.26,16.2,16.26,10228
20120522,16.02,16.1,16,16.1,4867
20120523,16.05,16.05,15.96,16,21176
20120524,16.1,16.1,15.97,16.04,1902
20120525,15.91,16,15.91,15.94,1269
20120528,15.98,16.06,15.98,16.05,7002
20120529,16,16.03,16,16.03,1971
20120530,15.91,15.91,15.85,15.88,6044
20120531,16.19,16.2,16.1,16.17,6095
20120601,16.14,16.14,16.01,16.12,8278
20120604,16.68,16.88,16.68,16.85,13053
20120605,16.68,16.68,16.6,16.63,10951
20120606,16.7,16.72,16.6,16.6,44577
20120607,16.7,16.7,16.33,16.33,67340
20120608,16.13,16.18,15.98,16,10576
20120612,16.05,16.2,16.05,16.16,30381
20120613,16.27,16.28,16.17,16.27,10455
20120614,16.35,16.35,16.25,16.25,14539
20120615,16.25,16.33,16.16,16.16,14008
20120618,16.07,16.13,16.04,16.04,5441
20120619,16.08,16.16,16.07,16.07,1579
20120620,15.97,15.97,15.91,15.97,5332
20120621,15.8,15.83,15.72,15.83,31548
20120622,15.65,15.65,15.59,15.6,20383
20120625,15.78,15.78,15.68,15.68,7698
20120626,15.88,15.88,15.8,15.85,4275
20120627,15.7,15.7,15.65,15.65,5420
20120628,15.67,15.67,15.58,15.62,3593
20120629,15.53,15.53,15.41,15.44,15254
20120702,15.59,15.59,15.57,15.57,1582
20120703,15.64,15.68,15.63,15.68,3060
20120704,15.75,15.75,15.75,15.75,1049
20120705,15.79,15.81,15.79,15.81,1950
20120706,15.69,15.69,15.59,15.59,6215
20120709,15.53,15.58,15.42,15.58,13898
20120710,15.58,15.65,15.58,15.64,1830
20120711,15.48,15.5,15.37,15.48,13885
20120712,15.4,15.49,15.36,15.36,19000
20120713,15.44,15.53,15.43,15.53,7833
20120716,15.55,15.56,15.48,15.56,14384
20120717,15.53,15.54,15.45,15.51,21509
20120718,15.41,15.41,15.34,15.37,11765
20120719,15.2,15.22,15.19,15.22,4016
20120720,15.21,15.24,15.2,15.24,9685
20120723,15.36,15.37,15.27,15.35,6146
20120724,15.4,15.4,15.35,15.36,5270
20120725,15.54,15.54,15.5,15.5,4530
20120726,15.5,15.6,15.5,15.58,34070
20120727,15.58,15.6,15.5,15.52,9676
20120730,15.46,15.56,15.46,15.47,12748
20120731,15.51,15.51,15.41,15.41,3900
20120801,15.41,15.45,15.34,15.4,18889
20120802,15.3,15.39,15.3,15.34,16395
20120803,15.26,15.26,15.2,15.24,38819
20120806,15.27,15.27,15.27,15.27,1326
20120807,15.28,15.31,15.25,15.31,4004
20120808,15.33,15.36,15.26,15.33,122470
20120809,15.25,15.35,15.24,15.26,12805
20120810,15.3,15.39,15.3,15.36,4336
20120813,15.38,15.4,15.38,15.4,9616
20120814,15.41,15.42,15.38,15.42,11522
20120815,15.36,15.39,15.35,15.39,17006
20120816,15.38,15.4,15.38,15.4,4683
20120817,15.36,15.5,15.36,15.5,7558
20120820,15.48,15.6,15.41,15.41,6972
20120821,15.41,15.58,15.41,15.46,4137
20120822,15.58,15.76,15.58,15.76,3277
20120823,15.8,15.92,15.8,15.92,9532
20120824,16.02,16.1,15.92,15.92,28985
20120827,16,16.18,16,16.15,5314
20120828,16.1,16.17,15.92,15.92,6716
20120829,15.98,16.01,15.98,16.01,5171
20120830,16.05,16.15,15.96,16.04,3834
20120831,16.1,16.18,16,16.18,7062
20120903,16.35,16.54,16.35,16.53,10820
20120904,16.54,16.65,16.54,16.54,20354
20120905,16.6,16.66,16.6,16.65,12191
20120906,16.7,16.7,16.56,16.68,37315
20120907,16.6,16.6,16.4,16.45,32892
20120910,16.81,16.88,16.8,16.85,139177
20120911,16.8,16.83,16.79,16.79,10765
20120912,16.68,16.69,16.61,16.66,16097
20120913,16.62,16.62,16.5,16.61,16416
20120914,16.86,16.87,16.83,16.86,6994
20120917,16.9,16.92,16.8,16.85,37511
20120918,16.85,16.87,16.8,16.87,13877
20120919,16.9,17.04,16.9,17.03,11987
20120920,16.97,17.02,16.94,17.01,21279
20120921,16.98,17.02,16.97,17,28120
20120924,17.04,17.04,16.94,16.97,25171
20120925,17,17,16.95,16.96,33850
20120926,17.06,17.1,16.96,17.09,37876
20120927,17,17,16.9,16.94,15378
20120928,16.99,17.11,16.99,17.11,9314
20121001,17.11,17.15,17.11,17.15,10150
20121002,17.17,17.33,17.17,17.33,61139
20121003,17.29,17.44,17.29,17.44,7304
20121004,17.4,17.5,17.4,17.49,17134
20121005,17.56,17.56,17.5,17.54,12452
20121008,17.5,17.55,17.36,17.5,12756
20121009,17.47,17.47,17.42,17.45,16475
20121010,17.46,17.46,17.23,17.29,14951
20121011,17.26,17.3,17.1,17.22,13485
20121012,17.25,17.28,17.25,17.28,1628
20121015,17.15,17.15,17.01,17.15,21239
20121016,17,17,16.95,16.96,14129
20121017,17.03,17.06,16.98,17.06,7349
20121018,16.95,16.95,16.9,16.92,13517
20121019,16.88,16.88,16.74,16.85,27370
20121022,16.73,16.8,16.59,16.67,30023
20121023,16.75,16.75,16.65,16.65,1082
20121024,16.63,16.73,16.59,16.66,13999
20121025,16.56,16.56,16.45,16.5,4720
20121026,16.55,16.65,16.55,16.62,18010
20121029,16.6,16.64,16.6,16.64,34229
20121030,16.6,16.63,16.6,16.63,6955
20121031,16.6,16.6,16.53,16.57,26835
20121101,16.66,16.66,16.63,16.66,3098
20121102,16.56,16.57,16.52,16.52,18073
20121105,16.31,16.34,16.2,16.2,24650
20121106,16.33,16.33,16.15,16.23,34473
20121107,16.51,16.59,16.46,16.5,17424
20121108,16.58,16.58,16.54,16.58,7711
20121109,16.71,16.76,16.7,16.7,15424
20121112,16.62,16.77,16.62,16.73,15316
20121113,16.65,16.65,16.55,16.6,9002
20121114,16.61,16.61,16.58,16.61,17660
20121115,16.7,16.72,16.6,16.71,9363
20121116,16.69,16.69,16.54,16.66,17827
20121119,16.65,16.67,16.55,16.67,15152
20121120,16.73,16.76,16.57,16.76,4394
20121121,16.7,16.72,16.7,16.72,9219
20121122,16.6,16.75,16.6,16.62,13958
20121123,16.72,16.72,16.69,16.7,14173
20121126,16.83,16.83,16.66,16.78,14513
20121127,16.77,16.78,16.76,16.78,11128
20121128,16.75,16.75,16.72,16.72,13679
20121129,16.5,16.54,16.45,16.5,23272
20121130,16.62,16.64,16.51,16.51,19698
20121203,16.51,16.58,16.46,16.58,8624
20121204,16.45,16.6,16.4,16.47,10318
20121205,16.3,16.32,16.21,16.32,17244
20121206,16.27,16.27,16.2,16.24,13421
20121207,16.31,16.33,16.31,16.33,16123
20121210,16.33,16.35,16.29,16.35,8944
20121211,16.35,16.4,16.26,16.27,13098
20121212,16.29,16.32,16.17,16.32,29242
20121213,16.26,16.26,16.04,16.2,13772
20121214,16.2,16.22,16.08,16.09,16246
20121217,16.12,16.12,16.05,16.11,18213
20121218,16.18,16.18,16.18,16.18,2445
20121219,15.95,16,15.95,15.95,23079
20121220,15.95,15.99,15.88,15.94,6984
20121221,15.81,15.81,15.68,15.72,16544
20121224,15.86,15.9,15.86,15.9,6827
20121227,15.92,16.08,15.92,16.08,2545
20121228,16.1,16.12,16.01,16.09,9918
20121231,16.03,16.03,15.97,15.97,6171
20130102,16.18,16.18,16.01,16.1,21126
20130103,16.1,16.18,16.1,16.18,4647
20130104,16,16,15.85,15.88,9806
20130107,15.85,15.91,15.72,15.91,4355
20130108,15.8,15.8,15.75,15.76,8004
20130109,15.86,15.88,15.81,15.81,5308
20130110,15.84,15.84,15.77,15.78,4410
20130111,15.8,15.8,15.77,15.8,10611
20130114,15.85,15.88,15.79,15.85,7077
20130115,15.86,15.86,15.83,15.84,1184
20130116,15.93,16,15.9,15.92,13163
20130117,16,16,15.95,15.95,4005
20130118,16.07,16.12,16.05,16.05,44739
20130121,16.16,16.19,16.1,16.1,14066
20130122,16.17,16.18,16.06,16.15,6706
20130123,16.12,16.15,16.09,16.15,7538
20130124,16.14,16.14,16,16.09,11268
20130125,16.06,16.07,16.04,16.06,9465
20130129,15.92,15.98,15.92,15.98,5767
20130130,16,16,15.92,16,2737
20130131,16.19,16.23,16.09,16.23,9540
20130201,16.05,16.09,16.05,16.09,6875
20130204,16.08,16.08,15.99,16.02,7169
20130205,16.04,16.1,16.01,16.1,9038
20130206,16.1,16.23,16.1,16.23,6020
20130207,16.2,16.35,16.2,16.35,10414
20130208,16.3,16.32,16.3,16.32,39383
20130211,16.18,16.18,16.13,16.13,6740
20130212,16.1,16.12,16.01,16.06,15192
20130213,16.05,16.06,15.96,16,12792
20130214,15.94,15.94,15.9,15.93,4431
20130215,15.8,15.87,15.79,15.82,18178
20130218,15.71,15.77,15.68,15.76,40938
20130219,15.7,15.7,15.64,15.65,7718
20130220,15.5,15.58,15.46,15.55,21715
20130221,15.31,15.39,15.2,15.22,25365
20130222,15.4,15.44,15.4,15.42,17460
20130225,15.41,15.48,15.35,15.47,5297
20130226,15.58,15.59,15.55,15.57,4356
20130227,15.82,15.84,15.8,15.8,2771
20130228,15.62,15.62,15.55,15.55,6190
20130301,15.5,15.54,15.37,15.44,11950
20130304,15.44,15.63,15.44,15.58,13751
20130305,15.55,15.57,15.38,15.46,37297
20130306,15.35,15.43,15.29,15.42,9526
20130307,15.45,15.49,15.38,15.49,12107
20130308,15.47,15.47,15.44,15.45,1832
20130311,15.55,15.55,15.4,15.4,5744
20130312,15.45,15.45,15.4,15.43,4701
20130313,15.42,15.53,15.4,15.53,23303
20130314,15.51,15.51,15.3,15.3,10511
20130315,15.35,15.4,15.25,15.28,18375
20130318,15.41,15.49,15.4,15.4,11089
20130319,15.4,15.52,15.4,15.52,12697
20130320,15.6,15.6,15.52,15.52,15586
20130321,15.51,15.55,15.51,15.55,6495
20130322,15.52,15.56,15.41,15.53,28843
20130325,15.52,15.52,15.29,15.48,22134
20130326,15.39,15.39,15.2,15.2,5878
20130327,15.3,15.33,15.21,15.33,12861
20130328,15.42,15.42,15.35,15.41,2094
20130402,15.45,15.45,15.25,15.25,6779
20130403,15.2,15.2,14.95,15,34281
20130404,14.96,14.96,14.65,14.8,18789
20130405,14.96,14.96,14.82,14.9,5516
20130408,15.2,15.28,15.2,15.27,4517
20130409,15.17,15.18,15.12,15.18,14100
20130410,15.14,15.15,15.08,15.11,4265
20130411,14.84,14.89,14.76,14.76,6258
20130412,15,15,14.75,14.87,18254
20130415,14.22,14.26,13.57,13.85,70345
20130416,13.15,13.3,12.6,13.3,129477
20130417,13.28,13.5,13.2,13.4,34101
20130418,13.41,13.47,13.21,13.43,56343
20130419,13.7,13.75,13.4,13.7,30496
20130422,13.7,13.8,13.65,13.7,68399
20130423,13.9,14.1,13.75,13.9,31230
20130424,13.9,14,13.85,13.96,4937
20130426,14.1,14.5,14.1,14.35,30583
20130429,14.15,14.35,14.13,14.25,15436
20130430,14.25,14.32,14.23,14.23,9797
20130501,14.35,14.35,14.25,14.25,40641
20130502,14.26,14.26,14.07,14.07,4539
20130503,14.32,14.45,14.23,14.3,13094
20130506,14.3,14.43,14.3,14.35,7333
20130507,14.3,14.35,14.2,14.35,6644
20130508,14.3,14.36,14.16,14.25,5815
20130509,14.4,14.4,14.4,14.4,639
20130510,14.4,14.57,14.4,14.52,9815
20130513,14.3,14.44,14.28,14.44,3875
20130514,14.3,14.42,14.3,14.42,34159
20130515,14.3,14.48,14.3,14.32,10627
20130516,14.11,14.22,13.92,14.22,9083
20130517,14.12,14.25,14.12,14.2,39296
20130520,13.92,13.92,13.68,13.84,11263
20130521,14,14.26,14,14.17,36823
20130522,14,14.16,13.99,14.16,5025
20130523,14.16,14.2,14.13,14.2,23993
20130524,14.29,14.45,14.29,14.31,25973
20130527,14.46,14.53,14.37,14.37,12559
20130528,14.39,14.41,14.37,14.37,27500
20130529,14.35,14.45,14.35,14.45,5119
20130530,14.52,14.52,14.45,14.45,3693
20130531,14.55,14.65,14.55,14.63,5319
20130603,14.58,14.58,14.56,14.56,600
20130604,14.4,14.6,14.4,14.49,19705
20130605,14.43,14.45,14.43,14.44,9031
20130606,14.83,14.86,14.68,14.86,540
20130607,14.91,14.92,14.81,14.81,823
20130611,14.7,14.75,14.6,14.7,14509
20130612,14.47,14.55,14.47,14.5,16308
20130613,14.56,14.75,14.55,14.75,14799
20130614,14.35,14.4,14.35,14.4,6966
20130617,14.4,14.53,14.4,14.53,198
20130618,14.41,14.5,14.41,14.44,6075
20130619,14.44,14.48,14.32,14.32,14251
20130620,14.45,14.5,14.43,14.46,6363
20130621,13.95,14.05,13.73,14,21222
20130624,14,14.1,13.98,14,21156
20130625,13.91,13.91,13.79,13.9,10887
20130626,13.85,13.87,13.5,13.58,3707
20130627,13.35,13.39,13.21,13.35,5150
20130628,13.02,13.05,12.86,12.95,16695
20130701,13.44,13.55,13.44,13.44,4748
20130702,13.6,13.82,13.57,13.58,780
20130703,13.53,13.75,13.53,13.75,10019
20130704,13.7,13.72,13.7,13.72,1049
20130705,13.68,13.69,13.54,13.54,10759
20130708,13.51,13.51,13.5,13.5,2348
20130709,13.6,13.8,13.6,13.8,3506
20130710,13.69,13.69,13.55,13.55,11717
20130711,13.8,13.91,13.76,13.91,4590
20130712,14.1,14.1,14,14,2952
20130715,14.19,14.19,14.1,14.19,487
20130716,14.18,14.18,13.89,13.89,11714
20130717,14.03,14.06,13.98,14,6043
20130718,13.76,13.79,13.76,13.79,4470
20130719,13.95,14.09,13.94,13.99,6376
20130722,14.35,14.38,14.24,14.24,34244
20130723,14.3,14.48,14.3,14.44,27537
20130724,14.5,14.5,14.45,14.45,2992
20130725,14.36,14.49,14.36,14.36,16823
20130726,14.5,14.5,14.37,14.37,3087
20130729,14.37,14.37,14.37,14.37,0
20130730,14.5,14.56,14.5,14.55,4506
20130731,14.55,14.68,14.55,14.68,1203
20130801,14.89,14.89,14.65,14.65,10833
20130802,14.71,14.74,14.4,14.4,20833
20130805,14.75,14.9,14.65,14.9,18426
20130806,15,15,14.37,14.44,3194
20130807,14.35,14.38,14.35,14.38,193596
20130808,14.35,14.4,14.32,14.34,8948
20130809,14.52,14.52,14.35,14.35,12634
20130812,14.54,14.55,14.4,14.4,7129
20130813,14.54,14.6,14.54,14.6,3160
20130814,14.59,14.6,14.55,14.59,8358
20130815,14.76,14.76,14.51,14.51,3723
20130816,14.85,15.04,14.84,14.97,51081
20130819,15,15.05,15,15.05,19076
20130820,14.93,15.07,14.93,15.05,34354
20130821,15.05,15.2,15.05,15.15,4535
20130822,15.2,15.2,15.15,15.2,2268
20130823,15.18,15.33,15.18,15.27,8886
20130826,15.5,15.55,15.37,15.54,11158
20130827,15.6,15.69,15.54,15.54,12854
20130828,15.75,16,15.75,16,6858
20130829,15.95,15.95,15.73,15.78,17400
20130830,15.65,15.75,15.65,15.75,3314
20130902,15.43,15.59,15.42,15.44,2269
20130903,15.54,15.54,15.44,15.49,2260
20130904,15.66,15.66,15.6,15.6,200
20130905,15.28,15.28,15.17,15.17,1551
20130906,15.08,15.08,14.92,15.03,18527
20130909,15.1,15.2,15.02,15.02,2950
20130910,14.93,14.93,14.82,14.82,1839
20130911,14.74,14.76,14.67,14.73,3131
20130912,14.54,14.65,14.54,14.59,13378
20130913,14.35,14.41,14.12,14.12,9352
20130916,14.1,14.32,14.1,14.31,13888
20130917,14.16,14.2,14,14.19,8152
20130918,14.03,14.03,13.8,13.9,27225
20130919,14.47,14.47,14.24,14.42,29163
20130920,14.45,14.45,14.36,14.36,2000
20130923,14.14,14.14,13.96,13.97,8789
20130924,14.16,14.16,14.16,14.16,36
20130925,14.07,14.2,14.05,14.2,6791
20130926,14.15,14.28,14.15,14.28,5460
20130927,14.06,14.15,14.05,14.15,12564
20130930,14.36,14.47,14.35,14.43,26927
20131001,14.37,14.37,14.2,14.2,4340
20131002,13.78,13.86,13.67,13.75,24539
20131003,14.07,14.07,13.9,14.03,7003
20131004,14.06,14.06,13.89,14,6044
20131007,13.9,14,13.9,14,5368
20131008,14.09,14.14,14,14.14,8327
20131009,14.05,14.05,14.05,14.05,226
20131010,13.87,13.88,13.82,13.85,3936
20131011,13.67,13.71,13.67,13.71,2217
20131014,13.5,13.56,13.35,13.38,19066
20131015,13.4,13.4,13.27,13.3,4992
20131016,13.45,13.5,13.35,13.5,8636
20131017,13.48,13.48,13.34,13.34,3789
20131018,13.68,13.7,13.6,13.7,44403
20131021,13.63,13.7,13.55,13.55,6556
20131022,13.6,13.68,13.6,13.68,15048
20131023,13.88,13.88,13.68,13.85,5675
20131024,13.82,13.82,13.82,13.82,1078
20131025,13.91,14,13.91,14,5360
20131028,14.1,14.1,13.97,13.97,3680
20131029,14.09,14.23,14.09,14.22,8850
20131030,14.17,14.22,14.09,14.09,7168
20131031,14.09,14.15,14.01,14.05,20898
20131101,14.07,14.07,14,14.04,3637
20131104,13.93,13.93,13.78,13.78,12897
20131105,13.88,13.9,13.88,13.9,8500
20131106,13.87,13.87,13.78,13.82,5627
20131107,13.82,13.9,13.81,13.9,1198
20131108,13.88,13.88,13.74,13.75,2537
20131111,13.78,13.78,13.62,13.62,7099
20131112,13.63,13.63,13.61,13.61,14455
20131113,13.55,13.61,13.55,13.56,7074
20131114,13.61,13.64,13.61,13.64,11404
20131115,13.74,13.8,13.74,13.8,2398
20131118,13.7,13.7,13.7,13.7,100
20131119,13.5,13.5,13.5,13.5,1276
20131120,13.48,13.48,13.46,13.46,4706
20131121,13.42,13.42,13.38,13.39,14975
20131122,13.39,13.4,13.38,13.4,6252
20131125,13.44,13.61,13.44,13.61,8045
20131126,13.6,13.6,13.54,13.54,20058
20131127,13.67,13.67,13.59,13.59,6104
20131128,13.55,13.55,13.51,13.51,5930
20131129,13.7,13.77,13.7,13.71,4053
20131202,13.71,13.73,13.55,13.6,7021
20131203,13.44,13.52,13.36,13.52,4165
20131204,13.35,13.53,13.35,13.53,11057
20131205,13.67,13.67,13.62,13.62,9416
20131206,13.55,13.59,13.45,13.45,3696
20131209,13.49,13.57,13.42,13.57,10901
20131210,13.56,13.56,13.55,13.55,477
20131211,13.85,13.85,13.68,13.83,5228
20131212,13.85,13.89,13.77,13.83,8751
20131213,13.8,13.8,13.62,13.7,14985
20131216,13.65,13.89,13.65,13.7,2136
20131217,13.75,13.8,13.75,13.79,925
20131218,13.9,13.9,13.79,13.85,17182
20131219,13.85,13.89,13.71,13.83,10219
20131220,13.48,13.48,13.4,13.45,3890
20131223,13.45,13.49,13.45,13.45,40206
20131224,13.48,13.48,13.48,13.48,442
20131227,13.51,13.69,13.51,13.69,20523
20131230,13.75,13.75,13.62,13.62,5536
20131231,13.53,13.53,13.49,13.49,3337
20140102,13.48,13.7,13.48,13.7,13737
20140103,13.67,13.8,13.67,13.8,12299
20140106,13.87,13.91,13.8,13.9,3999
20140107,13.9,13.9,13.84,13.9,10643
20140108,13.86,13.86,13.8,13.83,1410
20140109,13.71,13.8,13.7,13.8,11271
20140110,13.72,13.93,13.72,13.79,12825
20140113,13.83,13.88,13.79,13.88,4616
20140114,13.88,13.88,13.77,13.81,4846
20140115,13.84,13.94,13.81,13.84,3913
20140116,14.08,14.08,14.08,14.08,865
20140117,14.05,14.1,14.05,14.1,1790
20140120,14.29,14.29,14.23,14.25,8650
20140121,14.15,14.25,14.13,14.14,16989
20140122,14.07,14.07,13.96,13.96,12405
20140123,14.02,14.07,13.95,14.07,4403
20140124,14.35,14.37,14.35,14.35,1113
20140128,14.44,14.44,14.25,14.34,7288
20140129,14.31,14.31,14.16,14.28,4060
20140130,14.41,14.56,14.41,14.42,4615
20140131,14.23,14.23,14.09,14.09,13156
20140203,14.12,14.26,14.12,14.26,6139
20140204,14.26,14.44,14.14,14.18,32010
20140205,14.11,14.18,14.05,14.1,11014
20140206,14.15,14.15,14,14.05,15070
20140207,13.97,14.18,13.97,14.17,79516
20140210,14.14,14.26,14.12,14.12,34933
20140211,14.17,14.31,14.17,14.3,16726
20140212,14.3,14.33,14.18,14.26,15638
20140213,14.3,14.44,14.3,14.41,17116
20140214,14.5,14.6,14.49,14.49,17092
20140217,14.62,14.71,14.58,14.68,23838
20140218,14.75,14.78,14.54,14.67,15832
20140219,14.62,14.69,14.59,14.59,13964
20140220,14.6,14.72,14.6,14.61,31787
20140221,14.75,14.75,14.7,14.71,16302
20140224,14.75,14.81,14.73,14.8,29940
20140225,14.72,14.86,14.7,14.7,57292
20140226,14.85,14.97,14.81,14.83,28710
20140227,14.92,14.92,14.77,14.78,6822
20140228,14.91,14.91,14.76,14.79,14197
20140303,14.97,15.13,14.97,14.97,25928
20140304,15.15,15.16,15.03,15.16,13878
20140305,14.92,14.92,14.81,14.85,14349
20140306,14.82,14.85,14.75,14.75,7449
20140307,14.89,14.94,14.78,14.9,7319
20140310,14.77,14.82,14.69,14.8,4162
20140311,14.77,14.85,14.77,14.8,4297
20140312,14.96,15.15,14.96,15.15,4936
20140313,15.07,15.19,15.06,15.19,9502
20140314,15.1,15.27,15.1,15.25,808
20140317,15.5,15.5,15.24,15.35,9558
20140318,15.11,15.11,14.88,15.04,54331
20140319,14.77,14.85,14.77,14.85,4608
20140320,14.77,14.84,14.64,14.84,11237
20140321,14.8,14.8,14.75,14.75,11473
20140324,14.69,14.7,14.62,14.7,4020
20140325,14.25,14.44,14.25,14.44,5438
20140326,14.4,14.4,14.35,14.35,6869
20140327,14.25,14.25,14.09,14.1,16040
20140328,13.95,14.02,13.92,14.02,39987
20140331,14,14.11,14,14.11,12841
20140401,13.73,13.92,13.73,13.8,7158
20140402,13.81,13.95,13.81,13.95,3739
20140403,14.09,14.09,14,14.06,8046
20140404,13.94,13.96,13.9,13.96,2704
20140407,14,14,14,14,343
20140408,14.09,14.1,14,14,20443
20140409,14,14.09,13.97,13.97,23755
20140410,13.9,14.02,13.9,14.02,18943
20140411,14.14,14.14,14.01,14.14,9403
20140414,14.05,14.19,14.05,14.19,15495
20140415,14.05,14.13,14.04,14.13,2733
20140416,13.91,13.92,13.82,13.89,9329
20140417,13.94,13.94,13.94,13.94,932
20140422,13.88,13.88,13.8,13.83,3424
20140423,13.72,13.9,13.64,13.9,5336
20140424,13.87,13.91,13.86,13.91,4780
20140428,14,14.05,14,14.05,9000
20140429,14,14,14,14,1000
20140430,13.92,13.95,13.92,13.95,2982
20140501,14,14,13.85,13.85,2545
20140502,13.9,13.9,13.86,13.9,5466
20140505,14.09,14.09,14.08,14.08,6935
20140506,14.08,14.19,14.03,14.05,18240
20140507,13.95,14.09,13.95,14.09,7584
20140508,13.89,13.89,13.71,13.71,19072
20140509,13.79,13.85,13.79,13.82,9203
20140512,13.79,13.82,13.76,13.82,5132
20140513,13.82,13.91,13.82,13.85,3008
20140514,13.72,13.78,13.72,13.78,3278
20140515,13.95,13.98,13.95,13.98,2100
20140516,13.91,13.91,13.8,13.81,4121
20140519,13.77,13.77,13.75,13.75,1473
20140520,13.93,13.93,13.81,13.85,2029
20140521,13.96,14.05,13.96,14.05,2113
20140522,14.04,14.04,13.94,13.94,7331
20140523,14,14,13.94,14,4890
20140526,14,14,13.98,14,1338
20140527,13.89,13.89,13.85,13.85,23474
20140528,13.71,13.71,13.57,13.6,6249
20140529,13.57,13.62,13.56,13.56,6457
20140530,13.42,13.54,13.42,13.54,5759
20140602,13.4,13.45,13.4,13.43,6098
20140603,13.4,13.42,13.4,13.42,4851
20140604,13.5,13.5,13.41,13.41,923
20140605,13.35,13.4,13.35,13.4,5965
20140606,13.36,13.49,13.36,13.49,15867
20140610,13.45,13.47,13.45,13.45,6487
20140611,13.51,13.51,13.48,13.5,13594
20140612,13.51,13.53,13.4,13.53,10753
20140613,13.55,13.59,13.5,13.58,4594
20140616,13.69,13.71,13.68,13.7,9316
20140617,13.6,13.61,13.46,13.55,26894
20140618,13.58,13.58,13.53,13.53,2135
20140619,13.6,13.6,13.53,13.56,3734
20140620,13.95,14.01,13.89,14.01,7558
20140623,13.95,13.95,13.87,13.87,4848
20140624,13.89,14,13.89,13.89,8767
20140625,14.06,14.06,13.99,14.02,6725
20140626,14.08,14.08,13.95,13.95,1265
20140627,14,14.07,13.95,14.07,8190
20140630,13.93,13.93,13.91,13.91,6548
20140701,14.01,14.16,14.01,14.08,6608
20140702,14.03,14.03,13.93,13.95,11629
20140703,14.18,14.18,14.1,14.1,1700
20140704,14.04,14.04,14.04,14.04,857
20140707,14.01,14.02,14.01,14.02,3446
20140708,13.98,14.1,13.98,14.1,7071
20140709,14.03,14.03,14,14,3157
20140710,14.13,14.2,14.1,14.2,8117
20140711,14.15,14.3,14.15,14.26,6603
20140714,14.26,14.26,14.1,14.1,550
20140715,14.1,14.1,13.81,13.97,37208
20140716,13.85,13.85,13.76,13.83,9536
20140717,13.92,13.97,13.92,13.97,3360
20140718,14.17,14.17,14.05,14.05,12006
20140721,14,14,13.99,13.99,1788
20140722,13.99,13.99,13.99,13.99,0
20140723,13.93,13.93,13.76,13.9,1147
20140724,13.8,13.8,13.65,13.65,2228
20140725,13.76,13.76,13.64,13.65,2965
20140728,13.8,13.94,13.8,13.9,7044
20140729,13.9,13.9,13.78,13.8,5896
20140730,13.77,13.88,13.76,13.76,1530
20140731,13.93,13.93,13.79,13.85,10733
20140801,13.85,13.87,13.85,13.87,5957
20140804,13.83,13.93,13.83,13.93,1506
20140805,13.9,13.9,13.9,13.9,3710
20140806,13.9,13.9,13.84,13.9,4099
20140807,14.11,14.11,14.03,14.03,3666
20140808,14.15,14.29,14.15,14.29,5510
20140811,14.15,14.16,14.1,14.1,3337
20140812,14.05,14.21,14.05,14.21,2064
20140813,14.2,14.2,14.07,14.18,10283
20140814,14.17,14.17,14.08,14.08,4660
20140815,14.08,14.08,14.08,14.08,0
20140818,14.01,14.01,13.95,13.95,7766
20140819,13.9,14,13.88,13.88,8435
20140820,13.84,14,13.84,14,5326
20140821,13.92,13.95,13.92,13.92,8131
20140822,13.8,13.8,13.77,13.77,6089
20140825,13.73,13.78,13.67,13.78,27145
20140826,13.7,13.71,13.7,13.7,2590
20140827,13.78,13.85,13.78,13.85,7073
20140828,13.82,13.82,13.74,13.78,2741
20140829,13.74,13.86,13.74,13.86,8693
20140901,13.72,13.8,13.71,13.78,3449
20140902,13.86,13.86,13.8,13.85,3208
20140903,13.84,13.84,13.63,13.68,8355
20140904,13.55,13.68,13.55,13.68,10601
20140905,13.5,13.58,13.5,13.56,17385
20140908,13.56,13.62,13.56,13.6,24593
20140909,13.63,13.64,13.51,13.64,2021
20140910,13.69,13.72,13.68,13.68,8595
20140911,13.5,13.63,13.5,13.6,9813
20140912,13.6,13.6,13.57,13.57,2529
20140915,13.72,13.74,13.66,13.68,8537
20140916,13.68,13.79,13.66,13.79,5712
20140917,13.62,13.72,13.62,13.72,2296
20140918,13.72,13.72,13.64,13.64,3311
20140919,13.63,13.63,13.63,13.63,354
20140922,13.58,13.72,13.58,13.62,3094
20140923,13.66,13.7,13.66,13.69,3391
20140924,13.85,13.89,13.8,13.8,4969
20140925,13.8,13.82,13.8,13.8,3944
20140926,13.86,14.04,13.86,13.95,16776
20140929,13.88,14.03,13.88,13.98,10022
20140930,13.93,13.93,13.92,13.93,10116
20141001,14,14,13.77,13.89,2278
20141002,13.92,13.95,13.79,13.79,2570
20141003,13.9,13.9,13.8,13.86,43063
20141006,13.66,13.66,13.63,13.65,1684
20141007,13.67,13.86,13.67,13.73,8145
20141008,13.83,13.9,13.79,13.79,4162
20141009,13.88,13.91,13.77,13.77,12184
20141010,13.99,13.99,13.99,13.99,12608
20141013,14.13,14.25,14.07,14.07,8513
20141014,14.18,14.18,13.99,14,10716
20141015,14.1,14.17,14.04,14.04,3660
20141016,14.04,14.15,14.04,14.06,11450
20141017,14.2,14.2,14.07,14.07,801
20141020,14.18,14.18,14.03,14.1,6723
20141021,14.13,14.18,14.1,14.1,2322
20141022,14.2,14.31,14.14,14.25,8464
20141023,14.25,14.26,14.11,14.19,9827
20141024,14.14,14.14,13.99,13.99,661
20141027,13.87,14.02,13.87,13.9,3444
20141028,13.84,13.9,13.84,13.9,503
20141029,13.95,13.95,13.79,13.79,3017
20141030,13.8,13.8,13.8,13.8,4253
20141031,13.7,13.7,13.56,13.56,5676
20141103,13.5,13.5,13.3,13.4,21077
20141104,13.45,13.48,13.33,13.33,7093
20141105,13.27,13.38,13.27,13.36,5908
20141106,13.26,13.38,13.23,13.25,8251
20141107,13.26,13.26,13.25,13.26,4119
20141110,13.53,13.6,13.47,13.47,7001
20141111,13.45,13.45,13.4,13.4,3850
20141112,13.31,13.41,13.31,13.33,6114
20141113,13.26,13.39,13.23,13.23,4958
20141114,13.24,13.39,13.24,13.3,8627
20141117,13.3,13.6,13.3,13.44,5064
20141118,13.7,13.7,13.55,13.62,8009
20141119,13.78,13.82,13.75,13.75,10468
20141120,13.82,13.82,13.65,13.78,37031
20141121,13.73,13.74,13.73,13.74,1810
20141124,13.75,13.88,13.75,13.85,16118
20141125,13.82,13.95,13.82,13.83,10752
20141126,14.12,14.12,13.95,14.05,12183
20141127,13.99,14.07,13.84,13.84,12579
20141128,14.07,14.07,13.89,13.9,7110
20141201,13.84,13.85,13.5,13.6,29443
20141202,14.17,14.17,14.06,14.08,10423
20141203,14.18,14.23,14.18,14.23,3838
20141204,14.4,14.44,14.34,14.44,6860
20141205,14.3,14.3,14.28,14.28,9315
20141208,14.31,14.43,14.31,14.4,3963
20141209,14.45,14.5,14.45,14.5,6320
20141210,14.74,14.9,14.74,14.9,15070
20141211,14.83,14.83,14.67,14.67,11525
20141212,14.73,14.93,14.73,14.75,6581
20141215,14.85,14.9,14.8,14.85,39931
20141216,14.6,14.64,14.55,14.64,18065
20141217,14.51,14.76,14.51,14.76,13530
20141218,14.71,14.79,14.64,14.79,3202
20141219,14.61,14.74,14.6,14.7,21414
20141222,14.73,14.76,14.64,14.64,62603
20141223,14.5,14.58,14.43,14.58,4870
20141224,14.58,14.58,14.58,14.58,0
20141229,14.65,14.7,14.65,14.66,5038
20141230,14.61,14.67,14.6,14.67,588
20141231,14.67,14.67,14.67,14.67,0
20150102,14.6,14.7,14.54,14.7,11353
20150105,14.7,14.83,14.7,14.78,24886
20150106,14.85,14.85,14.81,14.81,10260
20150107,15,15.23,15,15.18,15776
20150108,15.12,15.12,14.99,14.99,6256
20150109,14.81,14.99,14.81,14.84,3168
20150112,15,15,14.9,14.97,5300
20150113,14.97,15.23,14.97,15.08,14118
20150114,15.1,15.2,15.08,15.2,10487
20150115,15.08,15.08,14.97,14.97,7506
20150116,15.3,15.4,15.3,15.37,2510
20150119,15.47,15.64,15.47,15.55,10619
20150120,15.47,15.7,15.47,15.7,8135
20150121,15.78,15.91,15.78,15.8,6013
20150122,15.95,16.06,15.95,15.98,4226
20150123,16.17,16.3,16.14,16.2,21024
20150127,16.23,16.25,16.03,16.15,7526
20150128,16.2,16.41,16.08,16.15,14558
20150129,16.35,16.35,16.25,16.25,5876
20150130,16.25,16.25,16.12,16.12,7228
20150202,16.5,16.51,16.4,16.4,7200
20150203,16.4,16.67,16.3,16.67,19491
20150204,16.35,16.35,16.07,16.22,15331
20150205,16.29,16.5,16.29,16.43,13660
20150206,16.3,16.3,16.06,16.2,14688
20150209,15.96,16.01,15.83,15.93,8558
20150210,15.93,15.94,15.8,15.8,15802
20150211,15.97,15.98,15.9,15.9,3283
20150212,15.8,16.04,15.73,16,20887
20150213,15.8,15.86,15.8,15.8,4897
20150216,15.87,15.87,15.76,15.76,8998
20150217,15.8,15.95,15.8,15.82,13230
20150218,15.65,15.65,15.4,15.4,4671
20150219,15.43,15.55,15.43,15.55,6451
20150220,15.55,15.55,15.44,15.48,5127
20150223,15.47,15.47,15.25,15.28,12166
20150224,15.3,15.35,15.3,15.35,2998
20150225,15.35,15.41,15.3,15.41,3759
20150226,15.36,15.46,15.36,15.46,2379
20150227,15.41,15.5,15.41,15.5,6468
20150302,15.63,15.8,15.6,15.63,7338
20150303,15.7,15.7,15.5,15.5,3668
20150304,15.35,15.51,15.3,15.51,7135
20150305,15.26,15.48,15.26,15.42,2396
20150306,15.48,15.48,15.38,15.38,2585
20150309,15.2,15.24,15.06,15.24,6487
20150310,15.27,15.27,15.1,15.26,6693
20150311,15.29,15.29,15.29,15.29,601
20150312,15.5,15.5,15.25,15.25,635
20150313,15.1,15.1,14.91,15.05,18238
20150316,15.1,15.2,15.08,15.08,5340
20150317,15.08,15.23,15.07,15.22,2891
20150318,15.05,15.2,15.03,15.05,9984
20150319,15.05,15.21,15.05,15.07,3742
20150320,15.36,15.36,15.21,15.33,4079
20150323,15.2,15.32,15.1,15.2,7731
20150324,15.2,15.2,15.2,15.2,500
20150325,15.2,15.2,15.1,15.12,8350
20150326,15.22,15.41,15.22,15.41,1324
20150327,15.31,15.41,15.31,15.41,2000
20150330,15.4,15.56,15.37,15.37,15179
20150331,15.41,15.58,15.41,15.41,11441
20150401,15.44,15.62,15.43,15.62,12049
20150402,15.7,15.93,15.7,15.93,8905
20150407,16.1,16.1,15.9,15.9,6255
20150408,15.73,15.88,15.73,15.88,12550
20150409,15.74,15.74,15.6,15.6,1339
20150410,15.39,15.42,15.39,15.42,1068
20150413,15.85,15.92,15.76,15.9,4279
20150414,15.91,15.91,15.75,15.84,6298
20150415,15.74,15.74,15.74,15.74,400
20150416,15.74,15.74,15.45,15.45,1257
20150417,15.6,15.6,15.35,15.35,1261
20150420,15.5,15.5,15.36,15.36,2415
20150421,15.45,15.52,15.45,15.52,1425
20150422,15.5,15.5,15.37,15.37,2349
20150423,15.34,15.34,15.25,15.25,1680
20150424,15.25,15.4,15.25,15.25,1994
20150427,15.15,15.18,15.04,15.05,11156
20150428,15.17,15.34,15.17,15.19,2285
20150429,15.15,15.15,15.04,15.04,13163
20150430,15.04,15.1,15.04,15.05,7838
20150501,15.1,15.1,15.01,15.01,2490
20150504,15.04,15.04,15.04,15.04,1264
20150505,15.22,15.22,15.05,15.05,8209
20150506,15.2,15.2,14.95,14.95,9157
20150507,15.01,15.01,14.85,14.85,9286
20150508,15,15.08,15,15.06,6200
20150511,15.08,15.08,14.98,14.98,2285
20150512,15,15.06,14.93,14.93,3419
20150513,15.1,15.1,14.91,15.04,1450
20150514,14.99,15.01,14.99,15.01,1784
20150515,15.04,15.07,15.04,15.07,2000
20150518,15.35,15.35,15.2,15.35,3033
20150519,15.4,15.4,15.23,15.35,4926
20150520,15.36,15.37,15.16,15.16,23144
20150521,15.2,15.35,15.2,15.28,15183
20150522,15.25,15.33,15.25,15.31,14494
20150525,15.49,15.49,15.32,15.48,7705
20150526,15.34,15.34,15.33,15.33,1199
20150527,15.25,15.43,15.25,15.25,4566
20150528,15.5,15.5,15.4,15.44,846
20150529,15.55,15.55,15.5,15.5,1960
20150601,15.5,15.6,15.5,15.6,18162
20150602,15.55,15.55,15.55,15.55,9700
20150603,15.25,15.37,15.22,15.37,3062
20150604,15.25,15.4,15.15,15.4,22490
20150605,15.36,15.36,15.3,15.3,907
20150609,15.34,15.35,15.25,15.25,2423
20150610,15.24,15.42,15.23,15.31,2631
20150611,15.4,15.4,15.32,15.32,5514
20150612,15.33,15.33,15.18,15.25,7203
20150615,15.4,15.4,15.32,15.32,2312
20150616,15.36,15.36,15.25,15.25,1953
20150617,15.18,15.25,15.18,15.2,3786
20150618,15.33,15.46,15.25,15.43,13410
20150619,15.5,15.5,15.35,15.37,43321
20150622,15.38,15.39,15.38,15.39,4701
20150623,15.27,15.32,15.27,15.32,4455
20150624,15.28,15.33,15.28,15.33,3098
20150625,15.27,15.29,15.25,15.29,8955
20150626,15.29,15.29,15.18,15.18,4418
20150629,15.47,15.57,15.45,15.47,11926
20150630,15.47,15.47,15.25,15.25,2702
20150701,15.25,15.3,15.12,15.13,19688
20150702,15.19,15.2,15.19,15.2,2309
20150703,15.3,15.4,15.3,15.4,1318
20150706,15.6,15.6,15.52,15.57,4291
20150707,15.54,15.58,15.54,15.55,2584
20150708,15.42,15.58,15.42,15.57,11918
20150709,15.57,15.71,15.42,15.42,7532
20150710,15.59,15.59,15.59,15.59,5500
20150713,15.56,15.68,15.52,15.52,8584
20150714,15.56,15.57,15.48,15.48,4956
20150715,15.45,15.58,15.39,15.39,6083
20150716,15.65,15.65,15.55,15.55,1580
20150717,15.51,15.51,15.35,15.35,1531
20150720,15.32,15.42,14.98,15.11,22194
20150721,14.83,14.97,14.8,14.97,38926
20150722,14.93,14.93,14.68,14.68,96095
20150723,14.81,14.88,14.81,14.88,3316
20150724,14.95,14.95,14.7,14.8,44043
20150727,15,15.04,14.99,15,13466
20150728,15.02,15.02,14.93,15,3491
20150729,14.87,14.97,14.85,14.91,6722
20150730,14.97,15.01,14.9,14.9,5301
20150731,14.8,14.8,14.78,14.8,5405
20150803,14.92,14.96,14.9,14.94,8186
20150804,14.83,14.83,14.68,14.68,4862
20150805,14.6,14.76,14.6,14.69,2899
20150806,14.6,14.72,14.6,14.72,6589
20150807,14.76,14.76,14.72,14.72,1072
20150810,14.7,14.81,14.69,14.81,6179
20150811,14.81,14.9,14.81,14.9,343
20150812,15.09,15.4,15.09,15.24,3625
20150813,15.2,15.2,15.13,15.13,4998
20150814,15.13,15.13,15.13,15.13,0
20150817,15,15.05,15,15.05,903
20150818,15.1,15.13,15.1,15.1,2126
20150819,15.15,15.23,15.15,15.23,3285
20150820,15.23,15.44,15.23,15.44,6594
20150821,15.69,15.97,15.69,15.89,16962
20150824,16.03,16.09,15.9,16.01,35181
20150825,16.1,16.1,15.88,16,44769
20150826,16,16,15.91,15.91,4500
20150827,15.87,15.87,15.68,15.84,9105
20150828,15.72,15.76,15.65,15.7,9344
20150831,15.77,15.94,15.77,15.91,13406
20150901,15.8,16,15.8,15.95,17120
20150902,16.15,16.2,16.1,16.15,18191
20150903,15.99,16.2,15.99,16.2,5282
20150904,16.01,16.15,16.01,16.06,9191
20150907,16.15,16.15,16.11,16.14,8084
20150908,16.15,16.15,16.02,16.02,1360
20150909,15.93,15.93,15.93,15.93,1732
20150910,15.9,15.9,15.73,15.73,14796
20150911,15.79,15.8,15.64,15.79,6863
20150914,15.6,15.63,15.6,15.61,1807
20150915,15.55,15.59,15.48,15.52,3195
20150916,15.6,15.6,15.6,15.6,3200
20150917,15.55,15.66,15.55,15.61,7031
20150918,15.68,15.75,15.65,15.72,9087
20150921,15.92,15.92,15.92,15.92,1880
20150922,15.96,15.96,15.81,15.81,962
20150923,15.9,15.95,15.9,15.95,9400
20150924,16.22,16.22,16.06,16.2,9497
20150925,16.2,16.5,16.2,16.42,7952
20150928,16.42,16.42,16.23,16.3,7434
20150929,16.18,16.36,16.18,16.27,26321
20150930,16,16.1,15.98,16.1,7062
20151001,15.9,15.93,15.86,15.86,2291
20151002,15.85,15.85,15.85,15.85,250
20151005,16.07,16.08,16.01,16.01,8407
20151006,15.9,16.05,15.9,15.96,4135
20151007,16.01,16.05,16,16.05,11524
20151008,15.9,15.99,15.79,15.99,14311
20151009,15.75,15.75,15.64,15.73,5467
20151012,15.87,15.87,15.73,15.74,10097
20151013,15.8,15.83,15.8,15.81,6040
20151014,16.13,16.25,16.13,16.17,13830
20151015,16.25,16.25,16.18,16.18,2172
20151016,16.05,16.13,16.05,16.13,3506
20151019,16.12,16.17,16.12,16.17,5501
20151020,16.2,16.2,16.04,16.04,4201
20151021,16.2,16.21,16.14,16.21,2505
20151022,16.17,16.17,16.17,16.17,3000
20151023,16.21,16.21,16.21,16.21,100
20151026,16.1,16.1,16.06,16.06,8184
20151027,16,16.1,16,16.1,5410
20151028,16.29,16.45,16.29,16.35,10310
20151029,16.28,16.4,16.28,16.28,2164
20151030,16.11,16.23,16.11,16.16,8904
20151102,16.1,16.1,15.98,16.03,7498
20151103,16,16,15.8,15.8,17593
20151104,15.7,15.7,15.62,15.62,6570
20151105,15.6,15.61,15.6,15.6,5508
20151106,15.53,15.58,15.45,15.57,4766
20151109,15.4,15.55,15.4,15.45,1159
20151110,15.56,15.58,15.55,15.56,1085
20151111,15.5,15.52,15.44,15.52,4509
20151112,15.4,15.4,15.25,15.32,11527
20151113,15.3,15.3,15.16,15.28,4470
20151116,15.3,15.44,15.27,15.43,2930
20151117,15.33,15.33,15.33,15.33,5890
20151118,15,15.15,14.98,15.14,6765
20151119,15.1,15.13,15.05,15.09,1708
20151120,15.05,15.12,15,15,7812
20151123,14.93,14.97,14.93,14.97,1213
20151124,14.85,14.95,14.85,14.95,3974
20151125,14.8,14.92,14.8,14.91,2543
20151126,14.75,14.8,14.75,14.8,3697
20151127,14.91,14.93,14.85,14.85,1725
20151130,14.6,14.77,14.6,14.7,9992
20151201,14.7,14.75,14.65,14.68,21037
20151202,14.65,14.65,14.6,14.63,2545
20151203,14.4,14.43,14.35,14.43,15527
20151204,14.43,14.45,14.43,14.45,13030
20151207,14.85,14.85,14.85,14.85,3351
20151208,14.86,14.86,14.68,14.76,6737
20151209,14.85,14.9,14.85,14.9,1000
20151210,14.93,14.93,14.74,14.77,3744
20151211,14.9,14.9,14.78,14.78,538
20151214,14.8,14.89,14.8,14.89,1111
20151215,14.71,14.72,14.67,14.72,1262
20151216,14.71,14.73,14.71,14.73,2603
20151217,14.94,14.94,14.81,14.92,2262
20151218,14.81,14.81,14.81,14.81,34
20151221,14.81,14.81,14.81,14.81,0
20151222,14.92,14.92,14.92,14.92,310
20151223,14.75,14.8,14.75,14.76,686
20151224,14.8,14.85,14.8,14.85,195
20151229,14.81,14.82,14.65,14.81,5406
20151230,14.81,14.81,14.81,14.81,0
20151231,14.63,14.63,14.51,14.55,534
20160104,14.48,14.69,14.48,14.69,5458
20160105,15.05,15.05,14.87,14.99,7998
20160106,14.97,15.2,14.97,15.2,15877
20160107,15.56,15.63,15.38,15.6,21180
20160108,15.82,15.82,15.55,15.56,26169
20160111,15.9,15.94,15.79,15.88,5276
20160112,15.58,15.72,15.58,15.72,7629
20160113,15.49,15.57,15.37,15.37,3822
20160114,15.8,15.8,15.75,15.75,5873
20160115,15.75,15.75,15.34,15.54,963
20160118,15.92,15.94,15.75,15.75,8428
20160119,15.8,15.93,15.8,15.87,1013
20160120,15.83,15.83,15.8,15.8,1537
20160121,15.9,15.94,15.84,15.94,8175
20160122,15.76,15.76,15.7,15.76,8723
20160125,15.77,15.78,15.7,15.74,4534
20160127,15.92,15.95,15.1,15.1,6869
20160128,15.95,16.01,15.9,15.9,4274
20160129,15.79,15.79,15.7,15.7,1158
20160201,15.72,15.9,15.72,15.87,3033
20160202,15.95,15.95,15.85,15.87,3249
20160203,16,16.13,16,16.13,12015
20160204,16.03,16.03,15.83,15.83,5075
20160205,16,16.11,15.99,16,14379
20160208,16.2,16.4,16.2,16.38,15372
20160209,16.4,17.01,16.4,16.89,36892
20160210,16.75,16.96,16.75,16.85,22424
20160211,16.9,17.05,16.85,16.85,33927
20160212,17.5,17.6,17.3,17.43,33085
20160215,17.45,17.45,17.06,17.11,19176
20160216,16.82,16.85,16.71,16.71,6089
20160217,16.95,17,16.9,16.95,6751
20160218,16.93,16.97,16.77,16.9,11635
20160219,17.29,17.45,17.21,17.34,33841
20160222,17.03,17.19,17.03,17.05,17911
20160223,16.85,16.98,16.7,16.98,19792
20160224,17.2,17.21,16.98,17.21,5660
20160225,17.2,17.28,16.9,17.16,7533
20160226,17.12,17.18,17,17.16,19620
20160229,17.18,17.25,17.13,17.25,1348
20160301,17.25,17.61,17.25,17.37,56303
20160302,17.4,17.4,16.93,17.09,23627
20160303,17.11,17.11,16.93,17.05,15634
20160304,17.1,17.2,17.08,17.08,13536
20160307,17.1,17.17,17.05,17.05,10955
20160308,16.9,17.1,16.9,17.05,16374
20160309,16.94,17.05,16.85,16.99,4652
20160310,16.85,16.85,16.71,16.8,13942
20160311,16.98,17.2,16.98,17.05,5430
20160314,16.8,16.8,16.48,16.48,6378
20160315,16.38,16.5,16.37,16.37,18557
20160316,16.44,16.63,16.44,16.63,3316
20160317,16.79,16.79,16.58,16.61,10035
20160318,16.56,16.58,16.47,16.57,3870
20160321,16.45,16.58,16.45,16.5,1805
20160322,16.5,16.5,16.39,16.49,2555
20160323,16.49,16.49,16.16,16.16,6498
20160324,16.16,16.31,16.16,16.27,1942
20160329,16.25,16.26,16.2,16.2,4072
20160330,16.25,16.26,16.15,16.15,2486
20160331,16.06,16.1,15.94,16.07,14172
20160401,16.07,16.15,16.05,16.15,12632
20160404,16,16,15.92,16,2258
20160405,16.07,16.2,16.07,16.2,1500
20160406,16.2,16.38,16.2,16.33,9609
20160407,16.18,16.22,16.07,16.18,3819
20160408,16.5,16.51,16.4,16.45,14195
20160411,16.55,16.6,16.54,16.58,13295
20160412,16.61,16.61,16.4,16.49,15077
20160413,16.4,16.4,16.2,16.2,7148
20160414,16.13,16.22,16.13,16.19,6282
20160415,16.04,16.04,15.93,16,8092
20160418,16.15,16.24,16.07,16.07,14407
20160419,15.89,15.94,15.77,15.82,17001
20160420,16.11,16.17,16.04,16.11,9469
20160421,16,16.06,16,16.06,2100
20160422,16.07,16.14,16.05,16.09,5330
20160426,16.05,16.08,16.03,16.08,15317
20160427,16.08,16.3,16.08,16.3,23302
20160428,16.42,16.42,16.33,16.41,879
20160429,16.6,16.71,16.6,16.62,12516
20160502,16.8,17.04,16.8,16.97,17713
20160503,16.86,17.1,16.74,17,11807
20160504,17.1,17.13,17.01,17.01,15601
20160505,17.14,17.2,17.04,17.15,25013
20160506,17.12,17.33,17.07,17.2,33989
20160509,17.48,17.48,17.45,17.46,2155
20160510,17.29,17.29,17.2,17.25,4096
20160511,17.2,17.32,17.2,17.28,8252
20160512,17.3,17.37,17.29,17.3,7672
20160513,17.32,17.4,17.32,17.4,14674
20160516,17.47,17.55,17.45,17.51,7188
20160517,17.51,17.54,17.38,17.39,30075
20160518,17.45,17.53,17.43,17.51,22775
20160519,17.47,17.47,17.38,17.39,961
20160520,17.42,17.42,17.29,17.29,2775
20160523,17,17.35,17,17.26,11727
20160524,17.35,17.36,17.27,17.31,3555
20160525,17.08,17.09,17.03,17.03,11288
20160526,17.02,17.17,17.02,17.08,9822
20160527,16.94,16.95,16.77,16.86,10074
20160530,16.81,16.83,16.74,16.81,17016
20160531,16.76,16.8,16.72,16.72,11016
20160601,16.85,16.85,16.68,16.68,19619
20160602,16.7,16.82,16.69,16.73,9107
20160603,16.77,16.79,16.73,16.73,15064
20160606,17.04,17.04,16.96,16.96,11093
20160607,16.9,17.05,16.75,17.05,17903
20160608,16.83,16.83,16.79,16.8,3544
20160609,16.88,16.9,16.87,16.9,16527
20160610,17.09,17.13,17.09,17.1,10764
20160614,17.38,17.43,17.33,17.36,33018
20160615,17.52,17.56,17.43,17.46,35841
20160616,17.46,17.68,17.46,17.65,24882
20160617,17.44,17.46,17.32,17.43,63743
20160620,17.5,17.5,17.25,17.25,20051
20160621,17.27,17.36,17.22,17.22,14498
20160622,17.07,17.08,17.02,17.04,18832
20160623,16.85,16.87,16.82,16.84,14050
20160624,16.94,18.6,16.86,17.95,83837
20160627,18.15,18.15,17.83,17.94,97110
20160628,17.93,18.06,17.73,17.75,71798
20160629,17.8,17.84,17.76,17.82,5615
20160630,17.56,17.75,17.56,17.74,23950
20160701,17.76,17.88,17.76,17.88,29027
20160704,17.98,18.13,17.95,18.04,34887
20160705,18,18,17.8,17.88,21148
20160706,18.31,18.47,18.26,18.46,52253
20160707,18.5,18.5,18.11,18.22,24342
20160708,18.22,18.22,18.1,18.13,91645
20160711,18.2,18.2,18.02,18.02,12319
20160712,18,18,17.88,17.93,68789
20160713,17.8,17.8,17.5,17.65,17798
20160714,17.9,17.9,17.56,17.56,17492
20160715,17.56,17.58,17.33,17.53,17048
20160718,17.64,17.64,17.5,17.54,22186
20160719,17.48,17.74,17.48,17.67,30056
20160720,17.7,17.83,17.7,17.76,14298
20160721,17.61,17.63,17.55,17.6,22101
20160722,17.65,17.84,17.65,17.77,12333
20160725,17.72,17.72,17.63,17.68,21642
20160726,17.6,17.7,17.54,17.54,12482
20160727,17.6,17.67,17.5,17.67,20320
20160728,17.9,17.9,17.76,17.76,53599
20160729,17.85,17.85,17.79,17.79,13814
20160801,17.9,17.9,17.76,17.79,24300
20160802,17.98,18.04,17.9,17.94,15935
20160803,18.02,18.02,17.98,18.01,2558
20160804,17.95,17.95,17.77,17.79,17189
20160805,17.81,17.81,17.72,17.77,7085
20160808,17.65,17.65,17.51,17.55,11732
20160809,17.48,17.51,17.45,17.51,13943
20160810,17.57,17.59,17.52,17.59,25979
20160811,17.56,17.56,17.46,17.49,20696
20160812,17.46,17.51,17.44,17.47,14336
20160815,17.55,17.57,17.47,17.54,14611
20160816,17.5,17.51,17.47,17.48,27160
20160817,17.5,17.57,17.45,17.57,28090
20160818,17.6,17.65,17.57,17.63,13573
20160819,17.65,17.71,17.58,17.71,9468
20160822,17.65,17.65,17.53,17.53,23456
20160823,17.6,17.6,17.45,17.56,26504
20160824,17.64,17.64,17.55,17.6,1680
20160825,17.43,17.44,17.34,17.35,12330
20160826,17.35,17.4,17.32,17.38,4099
20160829,17.45,17.55,17.4,17.52,14715
20160830,17.53,17.54,17.43,17.53,40607
20160831,17.5,17.51,17.4,17.51,6202
20160901,17.4,17.46,17.39,17.39,15309
20160902,17.49,17.49,17.39,17.43,9325
20160905,17.5,17.5,17.4,17.4,3226
20160906,17.4,17.45,17.34,17.43,4287
20160907,17.5,17.66,17.47,17.66,10484
20160908,17.61,17.61,17.57,17.57,38771
20160909,17.5,17.55,17.48,17.53,9534
20160912,17.55,17.69,17.55,17.69,9348
20160913,17.66,17.7,17.61,17.69,18460
20160914,17.7,17.7,17.69,17.69,9400
20160915,17.74,17.82,17.68,17.82,3402
20160916,17.8,17.8,17.53,17.55,8507
20160919,17.55,17.55,17.47,17.52,7797
20160920,17.35,17.51,17.35,17.49,2452
20160921,17.48,17.48,17.4,17.46,19816
20160922,17.46,17.52,17.46,17.47,7130
20160923,17.54,17.56,17.54,17.55,19881
20160926,17.63,17.63,17.57,17.57,2462
20160927,17.57,17.57,17.43,17.43,16570
20160928,17.36,17.36,17.28,17.32,18725
20160929,17.35,17.35,17.2,17.28,12847
20160930,17.4,17.42,17.39,17.4,6880
20161003,17.25,17.29,17.22,17.24,12935
20161004,17.01,17.13,17.01,17.1,1993
20161005,16.75,16.75,16.66,16.66,29128
20161006,16.73,16.73,16.55,16.69,41676
20161007,16.58,16.65,16.56,16.59,9841
20161010,16.62,16.68,16.62,16.68,14839
20161011,16.62,16.72,16.56,16.7,44707
20161012,16.7,16.7,16.55,16.65,13095
20161013,16.61,16.81,16.61,16.77,7192
20161014,16.69,16.69,16.54,16.58,17171
20161017,16.5,16.59,16.49,16.49,34375
20161018,16.5,16.53,16.44,16.46,17053
20161019,16.5,16.53,16.4,16.52,63076
20161020,16.6,16.65,16.43,16.65,39241
20161021,16.65,16.65,16.53,16.6,27194
20161024,16.72,16.72,16.61,16.67,29612
20161025,16.62,16.67,16.56,16.56,71871
20161026,16.65,16.65,16.6,16.6,4320
20161027,16.6,16.65,16.57,16.57,10517
20161028,17.39,17.39,16.7,16.8,5277
20161031,16.9,16.9,16.78,16.82,20048
20161101,16.82,16.85,16.75,16.75,2484
20161102,16.8,17.02,16.78,17.02,56735
20161103,17.1,17.1,16.95,16.98,40291
20161104,16.96,17.04,16.95,16.98,51650
20161107,17.08,17.08,16.86,16.87,38108
20161108,16.7,16.73,16.54,16.7,45386
20161109,16.45,17.51,16.33,17.51,81696
20161110,16.8,16.8,16.67,16.8,20893
20161111,16.58,16.72,16.45,16.63,30068
20161114,16.34,16.35,16.14,16.17,14483
20161115,16.3,16.3,16.1,16.2,37422
20161116,16.25,16.36,16.25,16.35,28654
20161117,16.37,16.47,16.37,16.42,11043
20161118,16.43,16.49,16.31,16.33,29993
20161121,16.43,16.56,16.42,16.5,6703
20161122,16.45,16.57,16.45,16.46,6467
20161123,16.46,16.46,16.35,16.35,9411
20161124,16.1,16.17,16.02,16.05,16981
20161125,16.01,16.02,15.78,15.8,18746
20161128,15.8,16.07,15.8,16.02,10473
20161129,16.02,16.02,15.96,15.99,12091
20161130,15.92,15.96,15.86,15.95,4938
20161201,15.95,15.95,15.75,15.81,10780
20161202,15.87,15.9,15.76,15.89,7592
20161205,15.9,16.02,15.8,15.8,8089
20161206,15.67,15.8,15.67,15.77,8120
20161207,15.71,15.74,15.65,15.74,9796
20161208,15.75,15.78,15.65,15.66,10480
20161209,15.65,15.71,15.6,15.7,13438
20161212,15.27,15.6,15.27,15.53,5593
20161213,15.4,15.6,15.4,15.47,9979
20161214,15.5,15.55,15.5,15.54,2303
20161215,15.5,15.5,15.35,15.44,11758
20161216,15.4,15.41,15.25,15.29,98361
20161219,15.2,15.6,15.2,15.55,6439
20161220,15.55,15.72,15.55,15.68,5513
20161221,15.6,15.7,15.51,15.69,9450
20161222,15.5,15.72,15.5,15.72,1159
20161223,15.58,15.68,15.58,15.68,1276
20161228,15.79,15.9,15.79,15.82,1553
20161229,15.84,15.96,15.84,15.85,2647
20161230,16,16.1,15.99,16.1,6736
20170103,16.1,16.15,15.94,16.07,20487
20170104,16.07,16.11,16.07,16.1,2937
20170105,16.1,16.16,16.07,16.16,8761
20170106,16.16,16.18,16.14,16.18,12391
20170109,16.17,16.17,16.03,16.07,6668
20170110,16.01,16.13,16.01,16.13,10439
20170111,16.11,16.18,16.11,16.17,8095
20170112,16.1,16.13,16.05,16.1,7975
20170113,16,16.04,15.95,15.98,12443
20170116,15.98,16.1,15.98,16.06,14212
20170117,16.06,16.17,16.06,16.16,17188
20170118,16.12,16.18,16.11,16.16,17823
20170119,16.16,16.16,16.01,16.01,10727
20170120,16,16,15.9,16,4283
20170123,15.97,16.13,15.97,16.13,12196
20170124,16.12,16.12,16.04,16.04,9059
20170125,15.95,16.07,15.95,16,13268
20170127,15.99,15.99,15.72,15.76,14990
20170130,15.86,15.86,15.75,15.75,19431
20170131,15.75,15.94,15.75,15.82,25006
20170201,15.96,16.04,15.95,16.04,4448
20170202,16.16,16.16,15.9,15.96,12744
20170203,15.9,15.93,15.82,15.91,10649
20170206,15.91,16.02,15.91,16.02,8155
20170207,16.02,16.19,16.02,16.1,16566
20170208,16.15,16.21,16.1,16.18,5774
20170209,16.2,16.35,16.2,16.35,9208
20170210,16.18,16.18,16.07,16.07,8840
20170213,16.1,16.1,15.97,16.01,5160
20170214,16.1,16.1,16.02,16.06,41453
20170215,16.05,16.05,16.01,16.04,11607
20170216,16.03,16.09,15.99,16.08,24874
20170217,16.15,16.15,16.07,16.12,2842
20170220,16,16.14,16,16.13,42733
20170221,16.05,16.14,16.05,16.08,7294
20170222,16.14,16.14,16.1,16.11,25916
20170223,16.2,16.2,16.13,16.15,32370
20170224,16.14,16.28,16.14,16.26,56602
20170227,16.31,16.4,16.31,16.38,9589
20170228,16.38,16.39,16.26,16.37,6123
20170301,16.37,16.37,16.19,16.29,7906
20170302,16.33,16.34,16.33,16.33,2395
20170303,16.24,16.38,16.24,16.38,37661
20170306,16.31,16.31,16.2,16.27,7136
20170307,16.27,16.27,16.03,16.03,39833
20170308,16.08,16.08,15.96,16.07,34627
20170309,16.1,16.13,16,16.1,39152
20170310,15.92,16,15.92,16,3583
20170313,15.91,16.05,15.91,15.99,18375
20170314,15.9,15.98,15.85,15.87,109110
20170315,15.87,15.93,15.8,15.82,16062
20170316,15.89,15.97,15.82,15.88,26514
20170317,15.92,15.95,15.92,15.93,2656
20170320,15.93,16.03,15.93,15.94,8056
20170321,16,16.04,15.91,15.99,4607
20170322,16.1,16.3,16.1,16.3,5178
20170323,16.34,16.35,16.2,16.34,27255
20170324,16.35,16.39,16.33,16.39,16336
20170327,16.39,16.55,16.36,16.42,14445
20170328,16.42,16.5,16.39,16.4,8024
20170329,16.42,16.42,16.26,16.4,17824
20170330,16.3,16.3,16.25,16.25,944
20170331,15.44,16.32,15.44,16.2,13965
20170403,16.46,16.47,16.33,16.47,3876
20170404,16.4,16.64,16.4,16.64,14167
20170405,16.65,16.65,16.57,16.58,7117
20170406,16.64,16.66,16.64,16.66,3311
20170407,16.66,16.94,16.65,16.88,39777
20170410,16.85,16.85,16.65,16.79,10378
20170411,16.75,16.79,16.69,16.79,29029
20170412,17.04,17.1,17.01,17.06,16475
20170413,17.1,17.13,17,17,35588
20170418,17,17.06,16.9,17.04,34598
20170419,17.05,17.16,17.04,17.16,20158
20170420,17.13,17.13,17,17.1,6450
20170421,17.14,17.14,16.97,17.07,5125
20170424,16.96,16.96,16.83,16.9,13512
20170426,16.85,16.88,16.7,16.79,50784
20170427,16.89,17.01,16.89,16.99,7470
20170428,16.9,17.02,16.9,16.9,4238
20170501,16.9,17,16.9,16.93,13994
20170502,16.73,16.73,16.65,16.65,13624
20170503,16.72,16.73,16.65,16.73,6195
20170504,16.75,16.81,16.7,16.75,13461
20170505,16.65,16.7,16.51,16.7,8588
20170508,16.65,16.71,16.53,16.53,10863
20170509,16.7,16.72,16.65,16.65,13403
20170510,16.66,16.66,16.63,16.65,18731
20170511,16.63,16.68,16.62,16.66,2706
20170512,16.7,16.7,16.56,16.61,4574
20170515,16.67,16.7,16.61,16.7,6280
20170516,16.6,16.68,16.6,16.68,9433
20170517,16.74,16.83,16.7,16.81,18109
20170518,16.9,17,16.85,16.91,11622
20170519,16.91,16.91,16.76,16.85,10172
20170522,16.9,16.9,16.8,16.8,9358
20170523,16.84,16.89,16.84,16.87,2353
20170524,16.7,16.85,16.7,16.72,5611
20170525,16.7,16.82,16.7,16.75,5574
20170526,16.77,16.9,16.77,16.89,9844
20170529,17.1,17.1,16.98,16.99,13214
20170530,17,17.11,16.99,17.11,6266
20170531,16.97,16.97,16.85,16.95,12207
20170601,17.13,17.17,17.05,17.17,3219
20170602,17.17,17.17,17.04,17.08,7685
20170605,17.25,17.25,17.11,17.15,10663
20170606,17.2,17.21,17.08,17.19,6839
20170607,17.15,17.24,17.09,17.09,10510
20170608,17,17.11,16.98,16.98,20871
20170609,16.98,16.98,16.84,16.86,5043
20170613,16.7,16.8,16.7,16.8,9127
20170614,16.85,16.88,16.83,16.85,13930
20170615,16.69,16.69,16.61,16.61,19169
20170616,16.5,16.58,16.5,16.58,5642
20170619,16.51,16.51,16.37,16.5,12386
20170620,16.47,16.47,16.44,16.45,13654
20170621,16.37,16.53,16.37,16.53,6104
20170622,16.54,16.67,16.51,16.66,3446
20170623,16.66,16.66,16.51,16.53,3909
20170626,16.56,16.56,16.53,16.55,15771
20170627,16.45,16.45,16.35,16.44,17086
20170628,16.52,16.52,16.39,16.52,21203
20170629,16.45,16.45,16.34,16.41,20030
20170630,16.21,16.21,16.11,16.12,12089
20170703,16.12,16.17,16.06,16.08,4151
20170704,16.02,16.15,15.93,16.15,72198
20170705,16.06,16.17,16.06,16.12,11429
20170706,16.12,16.19,16.12,16.17,13275
20170707,16.2,16.2,16.09,16.15,10814
20170710,16.3,16.3,15.91,15.96,13119
20170711,15.92,15.96,15.92,15.96,6210
20170712,15.99,15.99,15.98,15.98,4465
20170713,15.93,15.95,15.91,15.92,8190
20170714,15.78,15.78,15.68,15.76,17645
20170717,15.77,15.79,15.76,15.79,3615
20170718,15.88,15.88,15.7,15.7,5707
20170719,15.73,15.73,15.61,15.62,13658
20170720,15.66,15.66,15.6,15.65,16465
20170721,15.61,15.81,15.6,15.81,11274
20170724,15.8,15.88,15.77,15.87,3966
20170725,16,16,15.8,15.85,3210
20170726,15.9,15.9,15.74,15.82,8835
20170727,15.8,15.8,15.62,15.62,16466
20170728,15.7,15.86,15.7,15.74,13022
20170731,15.9,15.99,15.83,15.83,21851
20170801,15.8,15.8,15.74,15.79,18802
20170802,15.86,15.97,15.86,15.97,6419
20170803,15.96,15.97,15.9,15.9,13296
20170804,15.93,15.99,15.9,15.99,9571
20170807,15.81,15.82,15.81,15.81,9694
20170808,15.86,15.96,15.86,15.96,1600
20170809,16.04,16.1,16.01,16.1,17251
20170810,16.21,16.21,16.2,16.2,4922
20170811,16.41,16.43,16.31,16.41,30078
20170814,16.3,16.35,16.23,16.35,7983
20170815,16.34,16.34,16.25,16.25,2580
20170816,16.35,16.35,16.25,16.25,3600
20170817,16.25,16.27,16.22,16.25,5528
20170818,16.31,16.35,16.26,16.35,10593
20170821,16.14,16.27,16.14,16.27,7398
20170822,16.25,16.29,16.2,16.24,3266
20170823,16.41,16.41,16.24,16.24,7923
20170824,16.27,16.35,16.25,16.35,11997
20170825,16.24,16.35,16.24,16.32,3721
20170828,16.3,16.34,16.27,16.27,9394
20170829,16.5,16.66,16.5,16.66,30887
20170830,16.45,16.47,16.42,16.47,17915
20170831,16.4,16.55,16.4,16.55,2065
20170901,16.31,16.68,16.31,16.56,12904
20170904,16.7,16.82,16.7,16.82,10657
20170905,16.8,16.84,16.76,16.83,9457
20170906,16.83,16.94,16.7,16.7,22166
20170907,16.69,16.72,16.62,16.65,6212
20170908,16.7,16.75,16.7,16.7,6248
20170911,16.66,16.67,16.56,16.66,12211
20170912,16.59,16.59,16.45,16.48,10379
20170913,16.54,16.64,16.53,16.62,11933
20170914,16.54,16.55,16.45,16.55,12034
20170915,16.71,16.71,16.61,16.68,11191
20170918,16.7,16.7,16.4,16.46,9432
20170919,16.46,16.46,16.38,16.38,22997
20170920,16.31,16.42,16.31,16.31,15551
20170921,16.27,16.3,16.27,16.3,1735
20170922,16.23,16.41,16.23,16.34,103048
20170925,16.3,16.3,16.2,16.26,5600
20170926,16.42,16.55,16.42,16.54,10198
20170927,16.47,16.5,16.47,16.48,66606
20170928,16.39,16.43,16.35,16.35,20595
20170929,16.33,16.36,16.33,16.34,1718
20171002,16.34,16.35,16.23,16.25,3878
20171003,16.25,16.25,16.2,16.22,11229
20171004,16.24,16.3,16.22,16.29,20948
20171005,16.21,16.33,16.21,16.32,17243
20171006,16.23,16.37,16.23,16.33,9899
20171009,16.34,16.52,16.34,16.52,4859
20171010,16.52,16.54,16.5,16.5,1637
20171011,16.63,16.63,16.5,16.5,8128
20171012,16.5,16.63,16.5,16.51,9275
20171013,16.5,16.59,16.5,16.59,1874
20171016,16.59,16.61,16.48,16.48,11444
20171017,16.55,16.56,16.44,16.44,7149
20171018,16.5,16.5,16.34,16.46,2342
20171019,16.4,16.4,16.26,16.33,2046
20171020,16.33,16.44,16.31,16.4,31117
20171023,16.45,16.45,16.26,16.36,12521
20171024,16.5,16.5,16.36,16.46,4052
20171025,16.45,16.57,16.45,16.54,7693
20171026,16.68,16.68,16.56,16.59,12574
20171027,16.5,16.63,16.5,16.56,15789
20171030,16.56,16.61,16.48,16.61,14060
20171031,16.55,16.6,16.54,16.56,18104
20171101,16.64,16.64,16.54,16.61,3939
20171102,16.61,16.66,16.61,16.63,6795
20171103,16.63,16.68,16.51,16.68,4489
20171106,16.54,16.65,16.53,16.56,3834
20171107,16.6,16.62,16.6,16.61,5619
20171108,16.64,16.77,16.64,16.77,2871
20171109,16.75,16.75,16.63,16.72,11172
20171110,16.8,16.8,16.7,16.76,10578
20171113,16.74,16.85,16.61,16.7,21937
20171114,16.7,16.79,16.68,16.77,13131
20171115,16.77,16.88,16.77,16.86,138062
20171116,16.87,16.9,16.81,16.81,47975
20171117,16.9,16.96,16.81,16.9,8399
20171120,17.02,17.15,17.02,17.06,28672
20171121,16.99,17.02,16.89,17.02,1105
20171122,16.88,16.88,16.84,16.86,11856
20171123,16.86,16.92,16.86,16.87,2853
20171124,16.95,17.02,16.95,16.99,5530
20171127,17.04,17.04,16.87,17,12197
20171128,16.97,17.07,16.96,17.05,31917
20171129,17.08,17.11,17.04,17.05,28258
20171130,17.01,17.02,16.87,16.89,7947
20171201,16.81,16.86,16.81,16.83,4385
20171204,16.83,16.83,16.7,16.7,22265
20171205,16.7,16.75,16.6,16.74,47698
20171206,16.58,17,16.58,17,25423
20171207,16.66,16.76,16.66,16.7,16744
20171208,16.65,16.66,16.55,16.66,17775
20171211,16.68,16.68,16.54,16.54,18899
20171212,16.4,16.57,16.4,16.57,17726
20171213,16.41,16.49,16.41,16.47,1962
20171214,16.37,16.47,16.37,16.38,9358
20171215,16.29,16.36,16.29,16.31,6681
20171218,16.31,16.33,16.31,16.33,869
20171219,16.4,16.52,16.4,16.52,2695
20171220,16.41,16.55,16.41,16.55,7591
20171221,16.55,16.6,16.46,16.55,15779
20171222,16.53,16.53,16.45,16.46,110622
20171227,16.66,16.66,16.52,16.52,4163
20171228,16.6,16.61,16.52,16.59,7707
20171229,16.59,16.65,16.55,16.57,3525
20180102,16.76,16.83,16.7,16.7,4245
20180103,16.82,16.9,16.77,16.83,11014
20180104,16.83,16.83,16.65,16.65,12476
20180105,16.65,16.87,16.65,16.85,6329
20180108,16.89,16.89,16.75,16.78,18682
20180109,16.8,16.85,16.73,16.76,17626
20180110,16.77,16.82,16.7,16.7,4725
20180111,16.88,16.88,16.76,16.78,7619
20180112,16.82,16.85,16.82,16.85,6717
20180115,16.82,16.9,16.82,16.84,7491
20180116,16.9,16.91,16.84,16.88,4654
20180117,16.75,16.85,16.75,16.85,10462
20180118,16.72,16.72,16.66,16.69,1931
20180119,16.7,16.7,16.56,16.62,17125
20180122,16.73,16.73,16.65,16.65,8590
20180123,16.75,16.79,16.65,16.79,14601
20180124,16.85,16.85,16.79,16.8,7646
20180125,16.93,16.93,16.81,16.81,28074
20180129,16.9,16.9,16.66,16.71,12774
20180130,16.66,16.66,16.51,16.6,23727
20180131,16.6,16.65,16.5,16.56,17533
20180201,16.74,16.75,16.74,16.74,6848
20180202,16.75,16.81,16.75,16.81,7958
20180205,16.81,16.83,16.79,16.79,7037
20180206,16.9,17.21,16.9,17.15,174115
20180207,16.85,16.91,16.7,16.84,49446
20180208,16.85,16.91,16.76,16.83,23647
20180209,17.04,17.04,16.9,16.99,34329
20180212,16.9,16.95,16.76,16.95,9079
20180213,16.8,16.88,16.76,16.88,18161
20180214,16.9,16.97,16.87,16.97,5465
20180215,17,17.12,17,17.08,31259
20180216,17.12,17.13,16.96,17.13,20838
20180219,17.09,17.1,17,17.07,39384
20180220,17.08,17.08,16.98,16.99,12315
20180221,16.93,16.93,16.87,16.93,18261
20180222,16.95,17.05,16.95,17,14128
20180223,17,17.03,16.97,17.03,5378
20180226,17.01,17.05,16.95,16.97,18199
20180227,17.02,17.05,16.9,16.95,4604
20180228,16.92,16.94,16.92,16.94,1998
20180301,16.93,17.05,16.93,16.95,8407
20180302,16.95,17.04,16.95,17.03,3718
20180305,17.12,17.19,17.03,17.09,36165
20180306,17.1,17.1,16.95,16.98,2497
20180307,17.15,17.15,17.1,17.1,4500
20180308,17,17,16.91,16.91,3300
20180309,16.91,17.04,16.91,16.97,6079
20180312,16.79,16.86,16.79,16.8,7096
20180313,16.8,16.86,16.8,16.8,5650
20180314,16.87,16.94,16.83,16.86,6728
20180315,16.86,16.89,16.79,16.8,13080
20180316,16.88,16.93,16.84,16.93,14202
20180319,16.97,17.03,16.95,17,18510
20180320,17.03,17.09,17.03,17.03,4202
20180321,17.1,17.11,17,17.1,16706
20180322,17.25,17.25,17.09,17.15,9620
20180323,17.26,17.39,17.26,17.38,22675
20180326,17.55,17.55,17.4,17.42,19974
20180327,17.53,17.54,17.4,17.54,14574
20180328,17.55,17.55,17.53,17.53,314
20180329,17.35,17.37,17.28,17.36,4751
20180403,17.3,17.54,17.3,17.38,36030
20180404,17.36,17.37,17.3,17.37,18044
20180405,17.37,17.37,17.23,17.23,8469
20180406,17.25,17.37,17.25,17.32,36886
20180409,17.28,17.38,17.28,17.36,11677
20180410,17.41,17.41,17.25,17.25,7884
20180411,17.35,17.35,17.26,17.3,4364
20180412,17.4,17.47,17.38,17.42,20052
20180413,17.29,17.29,17.18,17.25,19736
20180416,17.3,17.35,17.24,17.29,5161
20180417,17.3,17.37,17.27,17.32,11034
20180418,17.31,17.35,17.27,17.32,8162
20180419,17.35,17.38,17.35,17.38,1682
20180420,17.39,17.45,17.38,17.4,11482
20180423,17.4,17.4,17.35,17.4,7659
20180424,17.4,17.5,17.39,17.42,19261
20180426,17.48,17.52,17.45,17.51,7596
20180427,17.48,17.48,17.4,17.43,12776
20180430,17.53,17.53,17.44,17.44,7590
20180501,17.44,17.5,17.4,17.4,28948
20180502,17.45,17.51,17.45,17.5,5092
20180503,17.5,17.5,17.42,17.46,14311
20180504,17.39,17.42,17.39,17.42,14481
20180507,17.44,17.48,17.44,17.47,34067
20180508,17.45,17.54,17.45,17.54,36842
20180509,17.56,17.69,17.56,17.65,21251
20180510,17.57,17.63,17.55,17.63,8155
20180511,17.6,17.6,17.54,17.55,10562
20180514,17.39,17.52,17.39,17.5,2215
20180515,17.4,17.5,17.4,17.43,2480
20180516,17.33,17.34,17.27,17.27,16934
20180517,17.3,17.3,17.18,17.18,8776
20180518,17.2,17.22,17.14,17.14,32149
20180521,17.14,17.18,17.09,17.09,16892
20180522,17.09,17.09,17,17.04,15968
20180523,17.15,17.15,17.05,17.15,5573
20180524,17.2,17.2,17.08,17.08,10271
20180525,17.1,17.15,17.1,17.15,1928
20180528,17.2,17.2,17.11,17.11,16800
20180529,17.23,17.27,17.19,17.26,17273
20180530,17.34,17.34,17.28,17.29,17523
20180531,17.25,17.26,17.17,17.18,38513
20180601,17.2,17.25,17.14,17.25,15636
20180604,17.1,17.1,16.96,16.99,15691
20180605,16.95,16.95,16.86,16.86,14038
20180606,17.04,17.04,16.9,16.9,2790
20180607,16.96,17,16.95,16.95,1976
20180608,17.05,17.05,16.97,17,17649
20180612,17.11,17.14,17.05,17.06,15503
20180613,17,17.14,17,17.12,2555
20180614,17.15,17.2,17.12,17.16,10437
20180615,17.38,17.4,17.38,17.39,8396
20180618,17.26,17.26,17.16,17.2,4198
20180619,17.15,17.5,17.15,17.3,21861
20180620,17.29,17.3,17.16,17.16,6382
20180621,17.16,17.2,17.13,17.13,4835
20180622,17.15,17.22,17.15,17.19,5963
20180625,17.2,17.2,17.03,17.08,17803
20180626,17.14,17.14,17.05,17.05,4932
20180627,17,17.07,16.98,17.06,20862
20180628,17.06,17.06,17.01,17.01,11006
20180629,17.01,17.01,16.95,16.95,5003
20180702,16.95,16.95,16.89,16.95,9681
20180703,16.94,16.94,16.81,16.81,11770
20180704,16.95,17.05,16.95,17.01,8198
20180705,17,17.07,16.97,17,5205
20180706,17,17.05,16.98,16.98,24071
20180709,16.95,16.96,16.85,16.88,18408
20180710,16.9,16.9,16.84,16.84,7675
20180711,16.95,16.95,16.82,16.93,4136
20180712,16.9,16.91,16.82,16.83,5198
20180713,16.88,16.88,16.83,16.85,15198
20180716,16.8,16.8,16.68,16.8,15622
20180717,16.8,16.8,16.74,16.74,570
20180718,16.7,16.7,16.62,16.67,9450
20180719,16.63,16.64,16.45,16.55,60940
20180720,16.55,16.66,16.53,16.53,24317
20180723,16.56,16.65,16.56,16.59,7949
20180724,16.64,16.72,16.55,16.58,21725
20180725,16.58,16.58,16.5,16.58,23355
20180726,16.57,16.59,16.55,16.55,7614
20180727,16.62,16.62,16.52,16.52,10917
20180730,16.52,16.55,16.46,16.46,15177
20180731,16.53,16.53,16.4,16.48,8550
20180801,16.51,16.51,16.44,16.48,5969
20180802,16.51,16.51,16.43,16.47,5743
20180803,16.39,16.46,16.39,16.43,11347
20180806,16.45,16.48,16.4,16.48,7405
20180807,16.43,16.43,16.35,16.4,19667
20180808,16.4,16.4,16.28,16.37,19886
20180809,16.31,16.36,16.31,16.36,5088
20180810,16.41,16.53,16.41,16.53,3192
20180813,16.66,16.66,16.58,16.6,3870
20180814,16.55,16.55,16.39,16.4,14939
20180815,16.47,16.52,16.43,16.43,13362
20180816,16.35,16.35,16.06,16.14,48077
20180817,16.25,16.25,16.14,16.22,22635
20180820,16.3,16.3,16.2,16.21,6008
20180821,16.2,16.35,16.2,16.2,23436
20180822,16.2,16.31,16.2,16.3,3261
20180823,16.25,16.36,16.24,16.36,20954
20180824,16.36,16.42,16.3,16.35,19477
20180827,16.49,16.5,16.45,16.5,4100
20180828,16.43,16.5,16.43,16.5,5989
20180829,16.43,16.49,16.37,16.47,16781
20180830,16.5,16.57,16.48,16.57,12481
20180831,16.57,16.63,16.51,16.57,11810
20180903,16.62,16.75,16.62,16.73,2213
20180904,16.7,16.72,16.55,16.65,38457
20180905,16.65,16.65,16.48,16.48,7566
20180906,16.7,16.73,16.7,16.73,7896
20180907,16.67,16.81,16.65,16.81,9263
20180910,16.83,16.83,16.72,16.72,25659
20180911,16.75,16.83,16.75,16.81,18685
20180912,16.8,16.89,16.75,16.75,3592
20180913,16.77,16.77,16.7,16.71,4509
20180914,16.77,16.79,16.66,16.77,21372
20180917,16.76,16.76,16.65,16.68,17272
20180918,16.77,16.8,16.68,16.7,23743
20180919,16.65,16.65,16.54,16.59,4303
20180920,16.61,16.66,16.59,16.66,56229
20180921,16.6,16.64,16.55,16.63,21268
20180924,16.52,16.7,16.45,16.5,126492
20180925,16.58,16.6,16.51,16.6,127730
20180926,16.5,16.61,16.46,16.6,9917
20180927,16.53,16.53,16.46,16.5,11840
20180928,16.48,16.54,16.39,16.46,36682
20181001,16.5,16.5,16.41,16.46,5457
20181002,16.46,16.5,16.43,16.5,14423
20181003,16.68,16.8,16.68,16.8,13599
20181004,16.94,16.94,16.85,16.88,16155
20181005,17,17,16.9,16.92,6278
20181008,16.97,17.12,16.91,16.98,37878
20181009,16.83,16.9,16.8,16.85,30486
20181010,16.7,16.77,16.69,16.76,8355
20181011,16.96,16.96,16.89,16.92,39400
20181012,17.2,17.2,17.07,17.07,92273
20181015,17.08,17.24,17.08,17.23,32335
20181016,17.26,17.26,17.14,17.24,17317
20181017,17.2,17.2,17.07,17.17,38709
20181018,17.26,17.26,17.09,17.2,123092
20181019,17.34,17.34,17.21,17.32,3656
20181022,17.32,17.32,17.23,17.27,15025
20181023,17.32,17.4,17.32,17.35,22057
20181024,17.44,17.45,17.36,17.4,20431
20181025,17.52,17.55,17.49,17.52,39256
20181026,17.45,17.57,17.4,17.57,30219
20181029,17.56,17.56,17.41,17.41,42747
20181030,17.47,17.47,17.27,17.39,42416
20181031,17.16,17.3,17.15,17.2,204121
20181101,17.22,17.23,17.04,17.04,42806
20181102,17.1,17.19,17.09,17.1,16442
20181105,17.08,17.2,17.08,17.15,8299
20181106,17.12,17.14,17,17,15426
20181107,17,17.03,16.93,17,16647
20181108,16.82,16.91,16.78,16.78,44400
20181109,16.8,16.88,16.8,16.84,4502
20181112,16.8,16.8,16.68,16.74,14962
20181113,16.8,16.82,16.66,16.66,9164
20181114,16.61,16.71,16.61,16.71,9683
20181115,16.8,16.8,16.6,16.65,4258
20181116,16.65,16.78,16.65,16.78,10732
20181119,16.66,16.75,16.65,16.7,6230
20181120,16.78,16.82,16.78,16.82,15374
20181121,17,17,16.83,16.94,30155
20181122,16.94,17.19,16.9,16.99,24542
20181123,16.98,16.99,16.9,16.95,16616
20181126,16.96,16.96,16.84,16.95,14112
20181127,16.89,16.99,16.86,16.86,9180
20181128,16.85,16.85,16.74,16.85,6655
20181129,16.77,16.77,16.75,16.75,1648
20181130,16.78,16.78,16.7,16.7,19697
20181203,16.55,16.62,16.55,16.6,6660
20181204,16.69,16.83,16.69,16.82,20309
20181205,16.92,16.99,16.87,16.9,45139
20181206,16.95,17.2,16.95,17.12,10697
20181207,17.18,17.2,17.09,17.09,3363
20181210,17.28,17.46,17.28,17.29,25036
20181211,17.3,17.36,17.29,17.36,14177
20181212,17.2,17.3,17.2,17.29,12301
20181213,17.21,17.3,17.21,17.22,6170
20181214,17.26,17.31,17.2,17.24,10657
20181217,17.25,17.31,17.19,17.3,77849
20181218,17.31,17.42,17.31,17.41,24121
20181219,17.45,17.48,17.32,17.45,62896
20181220,17.43,17.58,17.43,17.5,4816
20181221,17.64,17.77,17.64,17.75,41576
20181224,17.83,17.94,17.81,17.94,25730
20181227,17.9,18.04,17.88,18.04,33773
20181228,18.15,18.18,18.06,18.18,13061
20181231,18.18,18.22,18.04,18.04,10166
20190102,18.2,18.35,18.2,18.34,19102
20190103,18.6,18.83,18.52,18.54,26106
20190104,18.55,18.59,18.44,18.47,9615
20190107,18.13,18.14,17.99,17.99,50732
20190108,18,18.09,17.99,18.06,14990
20190109,17.96,18.04,17.95,17.95,22037
20190110,18.01,18.08,18.01,18.05,5358
20190111,17.96,17.97,17.88,17.88,10464
20190114,17.85,18,17.85,18,12070
20190115,18.02,18.02,17.97,17.97,7042
20190116,17.88,18,17.88,17.96,20245
20190117,17,18.1,17,18.1,3103
20190118,17.97,17.98,17.94,17.94,3654
20190121,17.93,17.95,17.88,17.93,13642
20190122,17.88,17.94,17.86,17.94,9995
20190123,17.99,18.15,17.99,17.99,19766
20190124,17.99,18.06,17.91,18.06,3082
20190125,18.12,18.12,18.01,18.09,8287
20190129,18.24,18.26,18.18,18.22,24816
20190130,18.3,18.31,18.24,18.27,7537
20190131,18.17,18.26,18.13,18.13,19615
20190201,18.22,18.25,18.14,18.24,9430
20190204,18.1,18.23,18.1,18.15,13098
20190205,18.2,18.28,18.08,18.08,10900
20190206,18.12,18.37,18.12,18.33,17555
20190207,18.33,18.4,18.33,18.33,21834
20190208,18.45,18.59,18.44,18.54,11449
20190211,18.55,18.6,18.45,18.52,34435
20190212,18.52,18.57,18.44,18.53,2463
20190213,18.52,18.53,18.38,18.46,16490
20190214,18.43,18.48,18.36,18.44,15683
20190215,18.45,18.57,18.45,18.55,11327
20190218,18.5,18.56,18.47,18.48,13536
20190219,18.58,18.61,18.58,18.61,5463
20190220,18.7,18.8,18.7,18.8,27804
20190221,18.75,18.75,18.65,18.69,5915
20190222,18.62,18.73,18.62,18.67,11794
20190225,18.66,18.71,18.55,18.61,9725
20190226,18.57,18.57,18.49,18.55,11032
20190227,18.55,18.56,18.47,18.5,7748
20190228,18.55,18.55,18.46,18.46,9006
20190301,18.48,18.55,18.48,18.51,5521
20190304,18.3,18.35,18.21,18.27,19936
20190305,18.21,18.26,18.15,18.26,11226
20190306,18.15,18.31,18.15,18.27,12749
20190307,18.23,18.37,18.23,18.27,9196
20190308,18.34,18.38,18.31,18.38,14685
20190311,18.47,18.5,18.4,18.44,7189
20190312,18.37,18.38,18.3,18.32,12420
20190313,18.44,18.54,18.42,18.54,12010
20190314,18.51,18.52,18.44,18.5,6762
20190315,18.42,18.42,18.29,18.35,6147
20190318,18.35,18.42,18.31,18.32,17462
20190319,18.41,18.45,18.33,18.45,12783
20190320,18.55,18.55,18.41,18.41,8230
20190321,18.49,18.49,18.37,18.49,7557
20190322,18.48,18.48,18.35,18.47,5998
20190325,18.55,18.64,18.5,18.63,14747
20190326,18.63,18.65,18.54,18.58,5044
20190327,18.5,18.58,18.45,18.57,10277
20190328,18.52,18.54,18.43,18.43,20249
20190329,18.25,18.3,18.18,18.25,48270
20190401,18.25,18.25,18.11,18.13,21259
20190402,18.12,18.17,18.09,18.15,23268
20190403,18.25,18.3,18.16,18.16,12331
20190404,18.15,18.15,18.09,18.15,8676
20190405,18.15,18.18,18.09,18.1,11619
20190408,18.26,18.32,18.23,18.32,24610
20190409,18.25,18.26,18.2,18.25,15283
20190410,18.27,18.35,18.23,18.23,8156
20190411,18.35,18.35,18.23,18.28,3099
20190412,18.2,18.2,18.12,18.17,6865
20190415,18.1,18.1,17.92,17.94,39888
20190416,17.95,18.02,17.95,17.99,22072
20190417,17.9,17.9,17.72,17.72,96263
20190418,17.77,17.8,17.7,17.8,5414
20190423,17.92,17.94,17.84,17.84,10219
20190424,17.88,18.09,17.88,18.02,28021
20190426,18.15,18.28,18.15,18.18,21413
20190429,18.22,18.3,18.17,18.28,20120
20190430,18.2,18.25,18.15,18.18,14490
20190501,18.2,18.2,18.11,18.11,10746
20190502,18.16,18.26,18.1,18.12,22967
20190503,18.12,18.21,18.12,18.2,5692
20190506,18.38,18.5,18.34,18.34,12102
20190507,18.34,18.37,18.2,18.24,10341
20190508,18.28,18.37,18.27,18.36,11124
20190509,18.37,18.39,18.29,18.35,26601
20190510,18.4,18.4,18.28,18.37,16681
20190513,18.48,18.48,18.41,18.43,16673
20190514,18.8,18.8,18.64,18.68,25676
20190515,18.72,18.75,18.66,18.66,22390
20190516,18.69,18.77,18.69,18.77,22531
20190517,18.62,18.72,18.62,18.72,25995
20190520,18.6,18.6,18.45,18.45,22387
20190521,18.45,18.55,18.45,18.52,109489
20190522,18.49,18.51,18.47,18.49,41764
20190523,18.56,18.56,18.49,18.49,8522
20190524,18.55,18.67,18.55,18.67,20592
20190527,18.58,18.58,18.5,18.52,20602
20190528,18.5,18.6,18.48,18.55,21725
20190529,18.52,18.52,18.44,18.44,14191
20190530,18.45,18.51,18.38,18.38,26767
20190531,18.63,18.72,18.63,18.72,10090
20190603,18.93,18.93,18.86,18.91,18240
20190604,18.98,19.1,18.93,18.97,51846
20190605,18.99,19,18.91,19,12613
20190606,19.15,19.15,19.04,19.07,28474
20190607,19.05,19.16,19.05,19.09,23347
20190611,19.1,19.14,19.06,19.14,11548
20190612,19.05,19.22,19.02,19.22,17096
20190613,19.25,19.36,19.25,19.36,27074
20190614,19.49,19.56,19.47,19.51,31088
20190617,19.45,19.53,19.44,19.5,22063
20190618,19.5,19.7,19.5,19.7,23117
20190619,19.6,19.63,19.56,19.62,36589
20190620,19.84,20.1,19.84,20,47791
20190621,20.11,20.35,20.11,20.15,102901
20190624,20.21,20.33,20.14,20.25,123704
20190625,20.45,20.7,20.42,20.45,65865
20190626,20.45,20.45,20.2,20.27,55731
20190627,20.25,20.25,20.1,20.16,22165
20190628,20.17,20.36,20.17,20.23,27105
20190701,19.95,19.95,19.78,19.85,74955
20190702,19.95,20.01,19.84,19.98,21630
20190703,20.3,20.56,20.3,20.39,31005
20190704,20.25,20.25,20.15,20.15,60021
20190705,20.18,20.22,20.13,20.18,18818
20190708,20.06,20.13,20,20.13,60688
20190709,20.05,20.09,19.94,20.06,23609
20190710,20.18,20.18,20.06,20.16,15312
20190711,20.45,20.5,20.44,20.45,41501
20190712,20.22,20.22,20.08,20.08,35337
20190715,20.2,20.2,20.08,20.12,47872
20190716,20.2,20.2,20.06,20.11,23638
20190717,20.11,20.11,19.97,20.05,44425
20190718,20.36,20.37,20.15,20.27,49473
20190719,20.44,20.47,20.35,20.41,41877
20190722,20.32,20.35,20.22,20.33,33802
20190723,20.3,20.3,20.17,20.17,28598
20190724,20.2,20.41,20.2,20.38,50321
20190725,20.45,20.46,20.34,20.45,25566
20190726,20.41,20.45,20.34,20.42,19610
20190729,20.52,20.79,20.51,20.56,50520
20190730,20.69,20.7,20.6,20.68,48512
20190731,20.85,20.87,20.71,20.79,53003
20190801,20.68,20.68,20.53,20.58,42402
20190802,21,21.22,21,21.11,39233
20190805,21.25,21.53,21.25,21.52,79602
20190806,21.9,21.9,21.52,21.53,144431
20190807,21.79,22.3,21.79,22.08,89388
20190808,22.27,22.78,22.1,22.3,133300
20190809,22.2,22.2,22.05,22.13,51980
20190812,22.2,22.2,22,22.12,83720
20190813,22.4,22.59,22.34,22.54,142342
20190814,22.2,22.2,22.01,22.19,156534
20190815,22.5,22.8,22.38,22.48,189478
20190816,22.48,22.59,22.41,22.45,82773
20190819,22.35,22.35,22.2,22.25,36335
20190820,22.19,22.21,22.05,22.05,41617
20190821,22.29,22.29,22.13,22.22,49494
20190822,22.22,22.26,22.14,22.24,61434
20190823,22.22,22.22,22.13,22.2,56942
20190826,23,23.1,22.86,22.95,55291
20190827,22.65,22.69,22.52,22.68,39774
20190828,22.93,22.93,22.78,22.84,35563
20190829,22.91,23.03,22.87,23.03,42520
20190830,22.76,22.83,22.67,22.82,69967
20190902,22.8,22.85,22.64,22.72,113617
20190903,22.7,22.85,22.7,22.75,78307
20190904,22.96,22.96,22.76,22.79,179335
20190905,22.9,22.9,22.61,22.72,82491
20190906,22.4,22.4,22.16,22.31,121913
20190909,22.1,22.15,22,22.07,68973
20190910,21.95,21.95,21.68,21.68,105204
20190911,21.72,21.81,21.64,21.79,30431
20190912,21.82,21.82,21.7,21.76,41297
20190913,21.85,21.9,21.8,21.86,66909
20190916,21.86,22.07,21.86,21.92,84103
20190917,21.89,21.98,21.88,21.96,56708
20190918,21.95,22,21.91,21.98,20040
20190919,21.9,22.05,21.85,22.04,118716
20190920,22.1,22.19,22.06,22.08,30935
20190923,22.21,22.44,22.21,22.32,49575
20190924,22.5,22.52,22.49,22.49,22666
20190925,22.6,22.65,22.48,22.48,64601
20190926,22.4,22.42,22.3,22.39,52664
20190927,22.36,22.4,22.3,22.32,34033
20190930,22.29,22.29,22.05,22.17,66864
20191001,22,22,21.73,21.76,94639
20191002,22.04,22.12,21.95,22.07,38177
20191003,22.25,22.5,22.25,22.31,125855
20191004,22.5,22.5,22.3,22.36,30850
20191007,22.35,22.4,22.21,22.4,23442
20191008,22.11,22.24,22.1,22.13,38565
20191009,22.33,22.47,22.28,22.35,16493
20191010,22.55,22.59,22.33,22.4,93148
20191011,22.2,22.2,22.03,22.11,31252
20191014,22,22,21.85,21.96,45836
20191015,21.96,22.13,21.96,22.08,16318
20191016,22,22.09,21.91,22.09,45481
20191017,22.09,22.09,21.95,21.95,21404
20191018,21.8,21.93,21.8,21.88,34069
20191021,21.89,21.89,21.66,21.76,32502
20191022,21.67,21.67,21.56,21.63,58061
20191023,21.6,21.83,21.6,21.72,34107
20191024,21.7,21.88,21.7,21.88,39332
20191025,22.11,22.11,21.97,22,34809
20191028,22.2,22.2,22,22.06,60754
20191029,22,22,21.76,21.82,20287
20191030,21.8,21.8,21.7,21.74,13108
20191031,21.74,21.74,21.65,21.65,27883
20191101,22.01,22.02,21.85,21.93,28707
20191104,21.96,21.97,21.85,21.9,39258
20191105,22.02,22.02,21.83,21.86,5313
20191106,21.45,21.66,21.45,21.53,55848
20191107,21.55,21.78,21.55,21.7,16536
20191108,21.23,21.4,21.23,21.39,51211
20191111,21.35,21.39,21.23,21.38,56062
20191112,21.28,21.34,21.22,21.3,31317
20191113,21.3,21.39,21.24,21.32,20355
20191114,21.36,21.59,21.36,21.54,30414
20191115,21.65,21.72,21.53,21.62,23563
20191118,21.6,21.6,21.5,21.6,17724
20191119,21.7,21.73,21.57,21.6,42073
20191120,21.62,21.67,21.58,21.58,35822
20191121,21.6,21.76,21.6,21.67,23453
20191122,21.65,21.65,21.54,21.64,28761
20191125,21.61,21.61,21.47,21.56,50530
20191126,21.56,21.56,21.4,21.55,34395
20191127,21.6,21.6,21.5,21.51,36185
20191128,21.56,21.6,21.48,21.57,14653
20191129,21.55,21.58,21.47,21.57,25344
20191202,21.65,21.67,21.55,21.58,39534
20191203,21.53,21.53,21.29,21.29,44713
20191204,21.62,21.73,21.55,21.73,70116
20191205,21.72,21.72,21.55,21.56,21208
20191206,21.6,21.6,21.55,21.6,28261
20191209,21.42,21.43,21.3,21.43,28789
20191210,21.43,21.47,21.42,21.44,53362
20191211,21.46,21.56,21.45,21.53,11587
20191212,21.53,21.53,21.38,21.38,23318
20191213,21.38,21.38,21.15,21.21,36930
20191216,21.52,21.52,21.4,21.46,33628
20191217,21.41,21.56,21.41,21.56,68892
20191218,21.6,21.6,21.49,21.53,12210
20191219,21.59,21.59,21.45,21.49,18268
20191220,21.55,21.55,21.41,21.5,12180
20191223,21.52,21.52,21.37,21.48,21521
20191224,21.48,21.58,21.42,21.57,14228
20191227,21.75,21.82,21.75,21.8,29486
20191230,21.7,21.73,21.61,21.7,24325
20191231,21.7,21.77,21.69,21.77,37470
20200102,21.7,21.75,21.67,21.75,32511
20200103,21.8,22.16,21.8,22.15,41210
20200106,22.31,22.85,22.31,22.75,109429
20200107,22.75,22.75,22.41,22.56,73191
20200108,22.8,23.53,22.8,23.24,212850
20200109,23.2,23.2,22.57,22.73,94064
20200110,22.7,22.7,22.46,22.46,43281
20200113,22.58,22.67,22.46,22.53,17299
20200114,22.48,22.48,22.28,22.34,38067
20200115,22.48,22.54,22.45,22.46,18771
20200116,22.6,22.6,22.49,22.55,18432
20200117,22.58,22.58,22.5,22.53,19619
20200120,22.65,22.73,22.6,22.71,28709
20200121,22.75,22.89,22.71,22.83,29730
20200122,22.82,22.82,22.7,22.76,33709
20200123,22.8,22.9,22.68,22.68,79096
20200124,22.84,22.91,22.76,22.83,36459
20200128,23.39,23.45,23.39,23.44,96126
20200129,23.3,23.3,23.09,23.17,27871
20200130,23.31,23.53,23.31,23.5,45818
20200131,23.6,23.6,23.37,23.4,129145
20200203,23.84,23.85,23.65,23.65,73289
20200204,23.63,23.67,23.45,23.45,59879
20200205,23.12,23.18,22.97,23.13,66811
20200206,23.13,23.13,23,23.02,55092
20200207,23.5,23.56,23.28,23.36,142570
20200210,23.42,23.65,23.4,23.47,48533
20200211,23.6,23.6,23.34,23.43,41994
20200212,23.4,23.41,23.31,23.35,23933
20200213,23.35,23.48,23.3,23.48,44137
20200214,23.48,23.54,23.42,23.43,43398
20200217,23.55,23.61,23.48,23.59,56055
20200218,23.64,23.79,23.58,23.66,143974
20200219,23.85,24.04,23.84,23.97,57312
20200220,24.1,24.31,24.03,24.24,38946
20200221,24.31,24.7,24.31,24.69,66542
20200224,25,25.4,24.96,25.22,306463
20200225,25.3,25.3,24.9,25.07,133049
20200226,24.95,25.01,24.77,24.97,263759
20200227,25,25.25,25,25.22,131869
20200228,25.2,25.24,25,25.18,160567
20200302,25.1,25.1,24.21,24.58,294325
20200303,24.58,24.6,24.23,24.47,43478
20200304,24.97,25.08,24.86,24.96,126855
20200305,24.96,24.96,24.68,24.82,62311
20200306,25.25,25.5,25.25,25.49,98799
20200309,25.95,26.99,25.35,25.55,363751
20200310,25.6,25.6,25.2,25.41,105788
20200311,25.4,25.85,25.21,25.6,321324
20200312,25.5,25.5,25.25,25.4,197604
20200313,25.01,25.2,24.64,24.94,281503
20200316,25,25.35,24.97,25.09,153614
20200317,24.75,24.85,24.2,24.6,176548
20200318,25.58,25.75,25.35,25.42,193893
20200319,25.42,26.99,25,26.5,310267
20200320,26.5,26.5,25.14,25.39,257943
20200323,26.2,26.35,25.81,26.1,413166
20200324,27,27,26.5,26.8,644286
20200325,27.4,27.7,26.9,26.95,295398
20200326,27.1,27.7,27.05,27.16,215229
20200327,27.2,27.3,26.56,27,206077
20200330,27,27,26.3,26.38,204393
20200331,26.34,26.5,26.03,26.15,301287
20200401,25.95,26,25.6,26,75837
20200402,26,26.38,26,26.1,132774
20200403,26.65,26.73,26.48,26.68,109767
20200406,27,27.2,26.7,26.9,169238
20200407,27.2,27.33,26.98,27.15,152470
20200408,27,27,26.8,26.85,266820
20200409,26.75,26.75,26.4,26.6,125111
20200414,26.71,26.99,26.71,26.9,207593
20200415,26.9,26.98,26.02,26.98,180653
20200416,27.11,27.4,27.11,27.33,118055
20200417,27.28,27.28,26.71,26.71,120991
20200420,26.6,26.6,26.41,26.53,107378
20200421,26.56,26.99,26.56,26.8,108992
20200422,27,27,26.69,26.71,76308
20200423,27.11,27.27,27,27.12,95005
20200424,27.18,27.26,27.01,27.2,45733
20200427,27.2,27.2,26.68,26.71,216912
20200428,26.6,27,26.2,26.2,334477
20200429,26.2,26.28,26.17,26.21,80925
20200430,26.05,26.26,26.01,26.03,101498
20200501,26.01,26.22,25.96,26,80701
20200504,26.4,26.71,26.4,26.65,135973
20200505,26.65,26.65,26.31,26.4,37553
20200506,26.4,26.62,26.4,26.6,41791
20200507,26.61,26.61,26.3,26.3,37817
20200508,26.5,26.5,26.22,26.26,100780
20200511,26.26,26.26,26.02,26.11,99958
20200512,26.11,26.42,26.11,26.33,176413
20200513,26.5,26.5,26.3,26.3,85236
20200514,26.4,26.72,26.4,26.68,88347
20200515,26.77,27.01,26.75,26.82,108892
20200518,27.26,27.45,27.2,27.38,102688
20200519,27,27,26.51,26.57,125202
20200520,26.7,26.79,26.6,26.73,110915
20200521,26.69,26.7,26.5,26.62,129626
20200522,26.5,26.5,26.24,26.5,92261
20200525,26.5,26.52,26.32,26.48,87896
20200526,26.32,26.47,26.32,26.36,98074
20200527,26.04,26.15,25.5,25.66,180988
20200528,25.7,26.1,25.7,26.05,58448
20200529,26.15,26.15,25.88,25.89,40478
20200601,26.17,26.19,25.7,25.88,73085
20200602,25.85,25.85,25.57,25.57,113404
20200603,25.19,25.19,24.7,24.88,143110
20200604,24.6,24.76,24.44,24.7,135568
20200605,24.71,24.79,24.5,24.58,72134
20200609,24.28,24.41,23.86,24.23,225157
20200610,24.6,24.76,24.55,24.55,60768
20200611,24.75,25.15,24.75,25,109730
20200612,25.5,25.59,25.1,25.1,348592
20200615,25.5,25.5,25.24,25.42,56962
20200616,25,25,24.73,24.85,81571
20200617,24.96,25.21,24.96,25.1,41604
20200618,25.2,25.24,25.06,25.2,70669
20200619,25.18,25.25,25.07,25.18,53417
20200622,25.5,25.73,25.5,25.62,127024
20200623,25.5,25.66,25.27,25.44,109483
20200624,25.5,25.57,25.42,25.54,69769
20200625,25.75,25.77,25.61,25.7,61006
20200626,25.7,25.7,25.52,25.6,72296
20200629,25.85,25.89,25.7,25.83,86391
20200630,25.83,25.85,25.67,25.77,79270
20200701,25.94,25.94,25.72,25.91,52399
20200702,25.7,25.91,25.54,25.55,213989
20200703,25.72,25.73,25.55,25.55,40246
20200706,25.63,25.63,25.45,25.45,47638
20200707,25.7,25.7,25.54,25.68,28745
20200708,25.9,25.92,25.76,25.85,33819
20200709,25.85,26,25.81,26,75064
20200710,26,26.04,25.92,26,50628
20200713,26,26,25.89,25.95,61026
20200714,25.97,26.03,25.85,25.95,61690
20200715,26,26,25.8,25.89,87526
20200716,25.95,25.97,25.86,25.9,98724
20200717,25.87,25.87,25.7,25.8,27231
20200720,25.95,25.96,25.86,25.92,39667
20200721,26,26,25.85,25.9,137932
20200722,26,26.13,25.85,26.01,53549
20200723,26.3,26.3,26.13,26.19,59159
20200724,26.5,26.69,26.47,26.68,128071
20200727,26.99,27.21,26.9,27.15,242601
20200728,27.41,27.67,27.1,27.27,284850
20200729,27.4,27.45,27.21,27.31,135453
20200730,27.4,27.46,27.31,27.35,139896
20200731,27.25,27.43,27.13,27.43,80949
20200803,27.7,27.82,27.58,27.74,188970
20200804,27.7,27.81,27.7,27.79,78621
20200805,28.23,28.32,27.98,28.22,166654
20200806,28.34,28.5,28.25,28.45,115209
20200807,28.68,28.8,28.48,28.64,354885
20200810,28.39,28.45,28.29,28.4,127367
20200811,28.39,28.39,27.92,27.98,113429
20200812,26.86,27.01,26.3,26.44,369684
20200813,26.77,27.1,26.77,26.96,224119
20200814,27.36,27.48,27.3,27.34,210420
20200817,27.12,27.13,26.9,27.11,181650
20200818,27.54,27.69,27.41,27.69,96291
20200819,27.69,27.69,27.37,27.48,110496
20200820,26.9,27.24,26.8,27.15,88639
20200821,27.13,27.18,26.97,27.07,48466
20200824,27,27.04,26.92,26.97,73973
20200825,26.97,27.01,26.86,26.94,122031
20200826,26.8,26.84,26.65,26.66,87092
20200827,26.9,26.97,26.79,26.79,148689
20200828,26.58,26.68,26.46,26.65,125319
20200831,26.82,26.85,26.71,26.8,75211
20200901,26.75,26.89,26.65,26.82,102432
20200902,26.75,26.76,26.68,26.69,62360
20200903,26.55,26.64,26.48,26.5,96859
20200904,26.58,26.71,26.58,26.66,107578
20200907,26.6,26.68,26.53,26.53,39791
20200908,26.53,26.54,26.41,26.48,46956
20200909,26.8,26.8,26.66,26.7,23796
20200910,26.8,26.82,26.72,26.75,49198
20200911,26.8,26.8,26.62,26.65,25139
20200914,26.66,26.82,26.65,26.72,51707
20200915,26.86,26.96,26.84,26.88,68803
20200916,26.81,26.83,26.75,26.82,40118
20200917,26.89,26.94,26.65,26.71,44592
20200918,26.69,26.75,26.59,26.74,41453
20200921,26.76,26.78,26.65,26.65,55718
20200922,26.59,26.63,26.46,26.52,77109
20200923,26.59,26.7,26.45,26.45,80542
20200924,26.33,26.44,26.25,26.32,85947
20200925,26.43,26.53,26.43,26.46,46395
20200928,26.51,26.51,26.33,26.37,33171
20200929,26.51,26.65,26.51,26.55,37976
20200930,26.55,26.6,26.5,26.59,41392
20201001,26.35,26.42,26.33,26.37,84947
20201002,26.53,26.72,26.44,26.71,82613
20201005,26.7,26.7,26.36,26.38,39568
20201006,26.6,26.64,26.55,26.59,59682
20201007,26.45,26.47,26.4,26.44,55783
20201008,26.44,26.48,26.39,26.42,39033
20201009,26.45,26.63,26.43,26.62,90900
20201012,26.7,26.74,26.64,26.7,65783
20201013,26.72,26.77,26.62,26.62,86566
20201014,26.46,26.47,26.34,26.45,60985
20201015,26.62,26.68,26.53,26.65,234623
20201016,26.91,26.98,26.9,26.96,125401
20201019,26.84,26.85,26.74,26.82,81070
20201020,26.94,27.04,26.93,27,70706
20201021,27.02,27.16,27,27.11,113778
20201022,27.07,27.07,26.95,26.99,47632
20201023,26.75,26.84,26.72,26.79,40788
20201026,26.66,26.7,26.6,26.67,55507
20201027,26.72,26.8,26.72,26.75,90065
20201028,26.77,26.79,26.71,26.73,38453
20201029,26.79,26.79,26.575,26.65,32175
20201030,26.6,26.65,26.54,26.62,62618
20201102,26.71,26.88,26.71,26.87,127918
20201103,26.87,26.92,26.82,26.91,73136
20201104,26.74,26.74,26,26.73,189258
20201105,26.5,26.66,26.5,26.6,52848
20201106,26.85,26.9,26.66,26.7,178351
20201109,26.95,26.95,26.83,26.92,89510
20201110,25.7,25.91,25.57,25.89,229573
20201111,25.85,25.85,25.7,25.71,191109
20201112,25.65,25.74,25.6,25.72,71908
20201113,25.9,26.04,25.9,25.95,59551
20201116,25.96,26,25.9,25.98,5301
20201117,25.9,25.9,25.76,25.77,121544
20201118,25.78,25.86,25.76,25.76,104284
20201119,25.75,25.75,25.6,25.6,127716
20201120,25.64,25.68,25.55,25.63,73496
20201123,25.62,25.63,25.56,25.61,109146
20201124,25.24,25.25,24.92,24.95,251763
20201125,24.59,24.79,24.42,24.53,307486
20201126,24.56,24.61,24.55,24.59,146976
20201127,24.58,24.8,24.5,24.53,109988
20201130,24.3,24.3,23.9,23.92,220771
20201201,24.15,24.27,24.15,24.22,84027
20201202,24.62,24.64,24.52,24.55,259318
20201203,24.66,24.81,24.66,24.76,159389
20201204,24.77,24.87,24.73,24.8,66997
20201207,24.74,24.77,24.68,24.77,79284
20201208,25,25.22,25,25.2,101402
20201209,25.25,25.26,24.95,25.02,68789
20201210,24.77,24.77,24.61,24.62,59436
20201211,24.39,24.44,24.28,24.35,94424
20201214,24.38,24.63,24.3,24.36,62875
20201215,24.27,24.46,24.21,24.46,97197
20201216,24.53,24.62,24.51,24.57,61401
20201217,24.61,24.65,24.55,24.61,54318
20201218,24.74,24.84,24.69,24.8,84232
20201221,24.58,25.12,24.56,25.09,107769
20201222,24.77,24.9,24.72,24.88,77460
20201223,24.75,24.78,24.69,24.71,45161
20201224,24.75,24.76,24.68,24.75,55358
20201229,24.74,24.77,24.69,24.74,86568
20201230,24.7,24.7,24.64,24.64,77802
20201231,24.69,24.69,24.57,24.57,85833
20210104,24.69,24.99,24.69,24.99,100963
20210105,25.25,25.39,25.17,25.19,84217
20210106,25.14,25.18,25.02,25.05,306007
20210107,24.64,24.7,24.6,24.65,203626
20210108,24.67,24.75,24.6,24.67,85813
20210111,24.49,24.49,23.69,23.84,346968
20210112,23.91,24.1,23.91,24.1,68330
20210113,24,24.01,23.9,23.99,29845
20210114,23.96,23.96,23.74,23.8,55453
20210115,23.82,23.9,23.73,23.9,78106
20210118,23.89,23.89,23.62,23.85,69192
20210119,23.8,23.99,23.8,23.86,44046
20210120,23.85,24.02,23.85,24.02,50993
20210121,24.04,24.2,24.04,24.14,61579
20210122,24.14,24.15,24.06,24.11,46799
20210125,24.11,24.13,24.02,24.04,85080
20210127,24,24,23.85,23.93,101049
20210128,23.9,24.2,23.9,24.12,98132
20210129,24.12,24.17,24.03,24.15,61118
20210201,24.22,24.47,24.21,24.35,233375
20210202,24.5,24.65,24.27,24.36,92004
20210203,24.26,24.26,24.17,24.23,75869
20210204,24.21,24.21,23.87,23.96,58620
20210205,23.7,23.71,23.62,23.68,69221
20210208,23.7,23.72,23.59,23.64,66155
20210209,23.7,23.89,23.7,23.88,80385
20210210,23.88,23.88,23.77,23.83,141634
20210211,23.84,23.92,23.72,23.72,272477
20210212,23.72,23.72,23.55,23.56,76246
20210215,23.55,23.56,23.45,23.45,70632
20210216,23.43,23.45,23.37,23.44,56928
20210217,23.25,23.25,23.11,23.15,79496
20210218,22.98,23.06,22.91,23.01,136753
20210219,22.95,22.95,22.71,22.8,90463
20210222,22.78,22.78,22.61,22.68,167469
20210223,22.85,22.95,22.85,22.89,64829
20210224,22.87,22.9,22.8,22.89,46243
20210225,22.75,22.75,22.58,22.6,40698
20210226,22.49,22.65,22.48,22.64,88144
20210301,22.55,22.64,22.42,22.62,71707
20210302,22.3,22.3,22.08,22.15,156838
20210303,22.22,22.3,22.15,22.23,80052
20210304,22,22.09,21.97,22.06,105816
20210305,22.01,22.05,21.96,21.96,123166
20210308,22.13,22.27,22.13,22.24,88740
20210309,22.1,22.13,22.02,22.05,59168
20210310,22.25,22.35,22.25,22.33,26721
20210311,22.38,22.43,22.33,22.4,30884
20210312,22.2,22.2,22.1,22.1,35739
20210315,22.28,22.34,22.23,22.31,29626
20210316,22.35,22.42,22.35,22.41,47321
20210317,22.39,22.49,22.37,22.49,25344
20210318,22.44,22.45,22.37,22.38,57221
20210319,22.42,22.43,22.35,22.4,28293
20210322,22.54,22.58,22.51,22.57,35683
20210323,22.53,22.56,22.47,22.53,116500
20210324,22.67,22.85,22.65,22.82,42284
20210325,22.87,22.91,22.78,22.88,46406
20210326,22.81,22.81,22.66,22.69,100506
20210329,22.72,22.73,22.65,22.69,36912
20210330,22.47,22.48,22.31,22.38,88944
20210331,22.19,22.2,22.09,22.11,50432
20210401,22.49,22.66,22.49,22.66,59389
20210406,22.6,22.75,22.6,22.75,51141
20210407,22.73,22.77,22.67,22.74,70131
20210408,22.85,22.86,22.81,22.84,44149
20210409,22.97,23.02,22.9,23.02,41969
20210412,22.88,22.93,22.86,22.86,68385
20210413,22.77,22.85,22.72,22.75,31824
20210414,22.83,22.9,22.72,22.79,58467
20210415,22.54,22.62,22.48,22.62,161954
20210416,22.81,22.85,22.76,22.81,35902
20210419,23.02,23.23,22.99,23.02,166802
20210420,22.87,22.87,22.7,22.75,80421
20210421,23.02,23.16,23.02,23.16,40903
20210422,23.19,23.21,23.13,23.16,52967
20210423,23.17,23.21,23.09,23.11,45369
20210426,22.98,22.98,22.91,22.96,26245
20210427,22.9,22.91,22.81,22.9,69474
20210428,22.89,22.93,22.83,22.86,43581
20210429,22.9,22.99,22.86,22.94,23244
20210430,22.83,22.83,22.73,22.77,32566
20210503,22.92,23.04,22.91,23.01,33847
20210504,23.1,23.17,23.08,23.1,45882
20210505,23.1,23.1,23.02,23.04,39222
20210506,23.11,23.23,23.04,23.18,104753
20210507,23.32,23.45,23.31,23.42,87812
20210510,23.4,23.45,23.33,23.45,88569
20210511,23.48,23.51,23.43,23.48,65133
20210512,23.48,23.53,23.41,23.49,168597
20210513,23.51,23.61,23.5,23.6,37171
20210514,23.64,23.7,23.6,23.62,74917
20210517,23.74,23.96,23.74,23.93,49351
20210518,24.06,24.09,23.98,24.06,69945
20210519,24.05,24.08,23.99,24.04,64920
20210520,24.22,24.28,24.15,24.19,78116
20210521,24.13,24.23,24.13,24.2,39076
20210524,24.41,24.46,24.36,24.42,79211
20210525,24.27,24.27,24.18,24.19,45187
20210526,24.51,24.57,24.45,24.45,79665
20210527,24.51,24.58,24.48,24.58,31692
20210528,24.58,24.58,24.42,24.51,42693
20210531,24.74,24.77,24.68,24.74,43740
20210601,24.68,24.73,24.63,24.73,88170
20210602,24.53,24.57,24.44,24.57,97121
20210603,24.7,24.7,24.6,24.62,27611
20210604,24.48,24.48,24.32,24.42,216014
20210607,24.48,24.48,24.35,24.35,88917
20210608,24.48,24.55,24.48,24.5,55878
20210609,24.51,24.53,24.46,24.49,83701
20210610,24.48,24.48,24.36,24.36,57501
20210611,24.5,24.55,24.5,24.52,44552
20210615,24.24,24.25,24.17,24.24,48258
20210616,24.23,24.23,24.11,24.22,67004
20210617,23.95,23.95,23.83,23.83,81207
20210618,23.5,23.75,23.5,23.72,38398
20210621,23.64,23.74,23.58,23.61,54807
20210622,23.67,23.84,23.67,23.76,21667
20210623,23.6,23.66,23.54,23.65,51949
20210624,23.49,23.53,23.42,23.46,82448
20210625,23.44,23.48,23.4,23.45,45665
20210628,23.49,23.54,23.37,23.54,38070
20210629,23.53,23.55,23.49,23.55,32503
20210630,23.45,23.5,23.4,23.4,209540
20210701,23.62,23.86,23.6,23.78,55210
20210702,23.79,23.87,23.79,23.82,33659
20210705,23.8,23.83,23.75,23.82,19594
20210706,23.8,23.86,23.75,23.85,24625
20210707,23.96,24.1,23.96,24.05,27408
20210708,24.15,24.17,24.08,24.1,38648
20210709,24.26,24.41,24.24,24.28,49530
20210712,24.16,24.22,24.12,24.12,19699
20210713,24.18,24.21,24.14,24.16,37496
20210714,24.27,24.34,24.25,24.33,35486
20210715,24.42,24.52,24.42,24.48,111736
20210716,24.65,24.69,24.54,24.54,26698
20210719,24.59,24.65,24.54,24.54,33096
20210720,24.68,24.85,24.68,24.82,101719
20210721,24.71,24.82,24.65,24.82,53328
20210722,24.55,24.57,24.44,24.48,32416
20210723,24.49,24.53,24.43,24.5,39191
20210726,24.45,24.64,24.44,24.63,50103
20210727,24.37,24.41,24.34,24.38,35526
20210728,24.44,24.59,24.43,24.56,32316
20210729,24.52,24.69,24.52,24.63,55525
20210730,24.74,24.79,24.73,24.78,72503
20210802,24.75,24.75,24.65,24.66,47219
20210803,24.66,24.66,24.46,24.5,120109
20210804,24.5,24.54,24.49,24.5,25864
20210805,24.56,24.59,24.49,24.49,28266
20210806,24.4,24.41,24.35,24.37,61609
20210809,23.45,23.76,23.4,23.73,152189
20210810,23.67,23.76,23.63,23.65,41484
20210811,23.58,23.66,23.5,23.65,27589
20210812,23.79,23.83,23.76,23.79,42408
20210813,23.92,23.98,23.88,23.98,25950
20210816,24.18,24.26,24.15,24.19,34293
20210817,24.37,24.54,24.35,24.54,43250
20210818,24.63,24.74,24.62,24.65,54049
20210819,24.74,24.76,24.65,24.75,82907
20210820,24.93,25.09,24.89,25.09,74889
20210823,24.94,25,24.86,24.97,74047
20210824,25.03,25.06,24.93,24.96,99882
20210825,24.89,24.89,24.76,24.81,207392
20210826,24.66,24.66,24.6,24.6,221128
20210827,24.83,24.9,24.81,24.89,77556
20210830,24.88,24.94,24.84,24.9,40556
20210831,24.86,24.9,24.8,24.8,60191
20210901,24.8,24.86,24.76,24.8,40219
20210902,24.65,24.69,24.58,24.62,51048
20210903,24.48,24.54,24.41,24.43,47470
20210906,24.54,24.62,24.54,24.59,56502
20210907,24.56,24.59,24.46,24.53,43147
20210908,24.33,24.38,24.29,24.33,56706
20210909,24.3,24.36,24.3,24.33,32778
20210910,24.36,24.44,24.33,24.44,40072
20210913,24.29,24.44,24.26,24.43,84152
20210914,24.37,24.46,24.31,24.46,33323
20210915,24.66,24.72,24.61,24.63,49771
20210916,24.48,24.53,24.41,24.45,34511
20210917,24.05,24.15,24.05,24.15,31639
20210920,24.13,24.22,24.13,24.22,47045
20210921,24.33,24.36,24.22,24.26,62461
20210922,24.58,24.6,24.42,24.56,109837
20210923,24.48,24.48,24.28,24.4,64614
20210924,23.96,24.06,23.9,24.06,53015
20210927,24.1,24.19,24.07,24.18,53415
20210928,24.02,24.09,23.94,23.94,33220
20210929,23.98,24.06,23.94,24.02,43485
20210930,24.07,24.1,24.04,24.04,22379
20211001,24.26,24.34,24.22,24.28,118223
20211004,24.3,24.32,24.22,24.24,47454
20211005,24.28,24.35,24.2,24.23,39449
20211006,24.17,24.2,24.12,24.16,61676
20211007,24.2,24.24,24.16,24.18,40706
20211008,24,24.11,24,24.09,26846
20211011,24.01,24.07,23.98,24,41656
20211012,23.9,23.98,23.86,23.95,45133
20211013,23.98,24.05,23.95,24.01,81249
20211014,24.3,24.34,24.21,24.26,29175
20211015,24.23,24.25,24.2,24.24,59075
20211018,23.83,23.92,23.82,23.9,43644
20211019,23.83,23.85,23.79,23.81,29852
20211020,23.69,23.73,23.65,23.65,50828
20211021,23.71,23.8,23.68,23.78,30590
20211022,23.88,23.94,23.85,23.92,40681
20211025,24.01,24.07,24,24.03,30463
20211026,24.15,24.17,23.98,23.99,92539
20211027,23.91,23.91,23.75,23.78,35285
20211028,23.91,24.02,23.91,24,50358
20211029,23.9,23.93,23.76,23.76,57875
20211101,23.72,23.82,23.68,23.79,53726
20211102,23.8,23.96,23.77,23.96,51132
20211103,24.05,24.08,23.96,23.98,50304
20211104,23.85,23.85,23.78,23.85,41685
20211105,24.18,24.32,24.18,24.27,68240
20211108,24.5,24.63,24.41,24.62,50556
20211109,24.6,24.67,24.57,24.62,97832
20211110,24.85,24.86,24.78,24.79,59147
20211111,25.2,25.38,25.2,25.34,97766
20211112,25.5,25.56,25.47,25.51,85062
20211115,25.5,25.5,25.27,25.27,98454
20211116,25.36,25.39,25.32,25.39,93558
20211117,25.4,25.61,25.34,25.48,130513
20211118,25.69,25.77,25.65,25.65,64620
20211119,25.58,25.69,25.54,25.63,450342
20211122,25.58,25.58,25.48,25.5,41652
20211123,24.96,25.06,24.96,25.05,48559
20211124,24.8,24.91,24.74,24.89,41258
20211125,24.87,24.91,24.82,24.89,40588
20211126,24.93,25.21,24.9,25.18,56230
20211129,25.2,25.2,24.99,25.14,87510
20211130,25.03,25.06,24.98,25.04,26250
20211201,24.95,24.95,24.82,24.85,27302
20211202,25.07,25.11,25.01,25.05,19737
20211203,24.98,25.12,24.97,25.05,25678
20211206,25.49,25.5,25.35,25.35,63540
20211207,25.24,25.31,25.15,25.16,37970
20211208,25.07,25.13,25.04,25.08,34959
20211209,24.89,24.93,24.88,24.91,35754
20211210,24.85,24.89,24.84,24.88,37111
20211213,24.93,24.95,24.87,24.91,45603
20211214,25.05,25.19,25.04,25.14,55311
20211215,24.98,24.98,24.91,24.91,74160
20211216,24.85,24.95,24.75,24.89,54273
20211217,25.1,25.22,25,25.17,41101
20211220,25.19,25.35,25.19,25.35,27941
20211221,25.21,25.24,25.15,25.17,39953
20211222,25.15,25.15,25,25.09,26693
20211223,25.01,25.1,24.99,25.08,38160
20211224,25.03,25.06,25,25.05,24764
20211229,25.04,25.04,24.95,24.97,45598
20211230,24.91,24.92,24.81,24.81,32277
20211231,25,25.08,25,25.08,21094
20220104,25.08,25.12,25.01,25.03,48195
20220105,25.08,25.14,25.04,25.1,32646
20220106,25.09,25.18,25.05,25.16,41730
20220107,25.01,25.04,24.97,25.03,36387
20220110,25.04,25.04,24.91,25,53135
20220111,25.11,25.15,25.08,25.14,60416
20220112,25.25,25.27,25.19,25.21,30817
20220113,25.08,25.09,25.04,25.05,42667
20220114,25.05,25.12,25.01,25.1,32571
20220117,25.23,25.25,25.17,25.25,39733
20220118,25.25,25.3,25.21,25.29,51881
20220119,25.26,25.27,25.2,25.2,32594
20220120,25.51,25.55,25.41,25.43,144476
20220121,25.45,25.63,25.45,25.61,104561
20220124,25.63,25.63,25.51,25.59,82747
20220125,25.68,25.85,25.68,25.84,363151
20220127,25.65,25.66,25.55,25.63,91235
20220128,25.59,25.59,25.51,25.58,164711
20220131,25.58,25.65,25.47,25.47,43899
20220201,25.47,25.54,25.42,25.5,37454
20220202,25.3,25.3,25.2,25.21,138697
20220203,25.28,25.4,25.28,25.38,20992
20220204,25.32,25.34,25.25,25.28,31214
20220207,25.57,25.65,25.5,25.54,27071
20220208,25.54,25.59,25.5,25.59,27321
20220209,25.6,25.6,25.44,25.51,65698
20220210,25.54,25.61,25.52,25.57,61562
20220211,25.5,25.62,25.49,25.62,38673
20220214,26.06,26.13,26,26,105659
20220215,26.25,26.36,26.22,26.35,120884
20220216,25.91,25.94,25.86,25.88,53054
20220217,25.97,26.21,25.9,26.12,88884
20220218,26.44,26.51,26.21,26.27,108003
20220221,26.47,26.69,26.25,26.25,165613
20220222,26.41,26.67,26.41,26.5,109317
20220223,26.5,26.5,26.24,26.26,94629
20220224,26.5,27.16,26.41,26.85,200592
20220225,26.63,26.81,26.51,26.57,200646
20220228,26.5,26.86,26.5,26.62,114148
20220301,26.4,26.4,26.18,26.24,86732
20220302,26.71,26.89,26.59,26.65,108921
20220303,26.35,26.52,26.34,26.34,141030
20220304,26.5,26.69,26.36,26.57,107147
20220307,26.61,27.04,26.61,26.85,199379
20220308,27.2,27.34,26.98,27.25,154263
20220309,28.06,28.29,27.95,28.18,278213
20220310,27.3,27.3,26.96,27.04,178313
20220311,27.05,27.24,27.05,27.11,116407
20220314,27.15,27.27,27.03,27.26,89721
20220315,27.14,27.17,26.96,26.96,119173
20220316,26.58,26.76,26.58,26.58,88551
20220317,26.4,26.53,26.34,26.47,82219
20220318,26.33,26.39,26.18,26.22,130266
20220321,25.95,26.06,25.86,26.04,86907
20220322,26.11,26.21,26.11,26.15,49370
20220323,25.72,25.78,25.67,25.77,92096
20220324,25.93,26.02,25.89,25.94,46700
20220325,26.06,26.16,26.05,26.05,46834
20220328,26.04,26.05,25.79,25.83,78320
20220329,25.64,25.76,25.62,25.67,70699
20220330,25.57,25.63,25.49,25.56,58171
20220331,25.73,25.79,25.65,25.67,51194
20220401,25.81,25.92,25.81,25.92,56815
20220404,25.7,25.72,25.49,25.55,75116
20220405,25.58,25.62,25.35,25.36,112024
20220406,25.34,25.42,25.28,25.37,48937
20220407,25.6,25.71,25.58,25.69,43958
20220408,25.82,25.87,25.77,25.79,43306
20220411,26.08,26.17,26.07,26.1,66097
20220412,26.33,26.4,26.29,26.31,82409
20220413,26.36,26.47,26.34,26.46,77451
20220414,26.53,26.56,26.42,26.45,60165
20220419,26.84,26.89,26.73,26.8,163139
20220420,26.37,26.37,26.17,26.17,108959
20220421,26.27,26.33,26.19,26.24,48778
20220422,26.46,26.61,26.46,26.6,91706
20220426,26.46,26.49,26.32,26.37,65697
20220427,26.64,26.7,26.4,26.47,128416
20220428,26.48,26.56,26.35,26.35,91061
20220429,26.65,26.72,26.6,26.64,83661
20220502,26.83,26.86,26.73,26.76,83959
20220503,26.45,26.46,26.1,26.17,108134
20220504,26.28,26.34,26.16,26.21,73272
20220505,26.07,26.28,26.07,26.23,109167
20220506,26.37,26.42,26.26,26.41,87703
20220509,26.67,26.82,26.67,26.72,118924
20220510,26.6,26.82,26.6,26.7,166765
20220511,26.45,26.45,26.37,26.4,113589
20220512,26.78,26.9,26.72,26.86,88668
20220513,26.51,26.57,26.46,26.47,103105
20220516,26.05,26.3,26.04,26.24,90989
20220517,26.21,26.21,26.01,26.08,109324
20220518,25.8,25.84,25.74,25.76,128065
20220519,26.03,26.11,25.85,25.91,90043
20220520,26.13,26.28,26.1,26.19,74966
20220523,26.14,26.17,26.08,26.1,52174
20220524,26.15,26.2,26.12,26.17,23877
20220525,26.3,26.3,26.14,26.19,46142
20220526,26.14,26.14,26.06,26.1,27703
20220527,26.1,26.1,25.93,25.99,34044
20220530,25.81,25.94,25.8,25.9,38932
20220531,25.75,25.78,25.69,25.76,20349
20220601,25.54,25.6,25.48,25.52,68283
20220602,25.75,25.83,25.71,25.83,59908
20220603,25.74,25.79,25.73,25.74,25432
20220606,25.68,25.78,25.68,25.73,49021
20220607,25.57,25.69,25.49,25.65,110241
20220608,25.64,25.66,25.55,25.66,38173
20220609,25.73,25.84,25.73,25.8,64005
20220610,25.96,26.06,25.88,25.9,32895
20220614,26.24,26.3,26.16,26.22,179161
20220615,26.27,26.31,26.2,26.3,76347
20220616,26.14,26.18,26.05,26.18,88651
20220617,26.26,26.3,26.21,26.3,106450
20220620,26.44,26.54,26.4,26.45,66310
20220621,26.38,26.43,26.33,26.37,130912
20220622,26.3,26.4,26.26,26.39,106451
20220623,26.57,26.6,26.53,26.55,117211
20220624,26.4,26.44,26.36,26.4,87139
20220627,26.3,26.53,26.3,26.44,75776
20220628,26.33,26.36,26.27,26.31,89675
20220629,26.31,26.36,26.28,26.36,41298
20220630,26.41,26.51,26.3,26.35,139001
20220701,26.2,26.41,26.14,26.32,58634
20220704,26.46,26.61,26.45,26.45,128463
20220705,26.29,26.4,26.2,26.33,98842
20220706,26.05,26.05,25.95,26.03,86288
20220707,25.65,25.7,25.56,25.61,70284
20220708,25.44,25.55,25.41,25.55,46013
20220711,25.45,25.55,25.39,25.54,80235
20220712,25.69,25.79,25.65,25.7,109468
20220713,25.53,25.58,25.46,25.48,44054
20220714,25.68,25.71,25.49,25.56,170153
20220715,25.34,25.39,25.3,25.37,240677
20220718,25.1,25.22,25.07,25.21,74815
20220719,25.08,25.08,24.94,24.94,44467
20220720,24.76,24.81,24.69,24.71,72914
20220721,24.59,24.62,24.37,24.49,349318
20220722,24.78,24.85,24.77,24.82,93583
20220725,24.92,25.015,24.92,24.97,45595
20220726,24.73,24.76,24.69,24.73,73845
20220727,24.71,24.8,24.69,24.76,46620
20220728,24.84,24.89,24.81,24.84,59815
20220729,25.04,25.17,25.03,25.17,69960
20220801,25.24,25.26,25.15,25.15,50177
20220802,25.19,25.48,25.19,25.47,41315
20220803,25.42,25.51,25.42,25.49,23343
20220804,25.4,25.47,25.35,25.35,26647
20220805,25.72,25.79,25.67,25.72,51126
20220808,25.7,25.7,25.51,25.58,24018
20220809,25.57,25.64,25.51,25.6,50936
20220810,25.76,25.81,25.69,25.71,30263
20220811,25.29,25.31,25.21,25.25,30866
20220812,25.18,25.22,25.13,25.15,19987
20220815,25.26,25.31,25.22,25.29,23761
20220816,25.3,25.41,25.3,25.3,20078
20220817,25.29,25.39,25.25,25.39,32590
20220818,25.43,25.48,25.4,25.41,33645
20220819,25.43,25.44,25.35,25.38,10235
20220822,25.38,25.4,25.24,25.27,25228
20220823,25.28,25.28,25.15,25.21,14423
20220824,25.21,25.29,25.21,25.25,21568
20220825,25.34,25.36,25.24,25.26,24155
20220826,25.2,25.24,25.15,25.2,28855
20220829,25.23,25.25,25.11,25.14,23814
20220830,25.14,25.24,25.14,25.18,39012
20220831,25.14,25.14,24.96,24.96,28679
20220901,25,25.05,24.97,24.99,34296
20220902,24.95,25.04,24.95,25.04,105643
20220905,25.11,25.24,25.1,25.24,25417
20220906,25.24,25.25,25.12,25.19,42389
20220907,25.28,25.28,25.17,25.21,34504
20220908,25.37,25.5,25.37,25.44,23521
20220909,25.25,25.28,25.11,25.11,41566
20220912,25.09,25.09,24.99,24.99,68019
20220913,24.99,25.07,24.97,25.04,28902
20220914,25.19,25.36,25.17,25.36,57203
20220915,25.21,25.21,24.96,25.01,37281
20220916,24.83,24.84,24.71,24.79,40060
20220919,24.9,24.93,24.81,24.86,53694
20220920,24.88,24.91,24.82,24.82,19422
20220921,24.83,24.9,24.8,24.9,41902
20220923,25.1,25.21,25.1,25.21,43154
20220926,25.11,25.19,25.07,25.15,115548
20220927,25.1,25.14,25.07,25.13,65834
20220928,25.27,25.42,25.22,25.38,57007
20220929,25.46,25.54,25.4,25.41,71123
20220930,25.48,25.64,25.48,25.59,109993
20221003,25.8,25.92,25.8,25.87,71012
20221004,26.05,26.26,26.04,26.2,93545
20221005,26.43,26.51,26.38,26.49,178200
20221006,26.4,26.4,26.3,26.3,70651
20221007,26.6,26.68,26.54,26.66,108138
20221010,26.67,26.74,26.5,26.57,83852
20221011,26.48,26.6,26.45,26.6,45971
20221012,26.52,26.64,26.48,26.55,48829
20221013,26.6,26.66,26.55,26.59,52349
20221014,26.43,26.43,26.26,26.33,93054
20221017,26.4,26.5,26.4,26.43,50710
20221018,26.2,26.25,26.13,26.23,33399
20221019,26.16,26.16,26.06,26.09,45132
20221020,25.94,26.09,25.93,26.09,42486
20221021,25.95,25.96,25.84,25.88,51908
20221024,26.01,26.14,26,26.11,51289
20221025,26.06,26.09,26.03,26.06,11716
20221026,25.9,25.91,25.81,25.84,38672
20221027,25.7,25.73,25.54,25.57,34427
20221028,25.71,25.78,25.66,25.68,33954
20221031,25.67,25.67,25.54,25.66,83780
20221101,25.5,25.51,25.4,25.46,20844
20221102,25.74,25.78,25.67,25.69,16254
20221103,25.7,25.8,25.68,25.69,41465
20221104,25.89,25.92,25.85,25.88,84227
20221107,26.01,26.36,25.94,26,61948
20221108,25.85,25.85,25.78,25.82,79943
20221109,26.11,26.36,26.11,26.25,237705
20221110,26.48,26.6,26.46,26.58,70083
20221111,26.6,26.6,26.44,26.46,93708
20221114,26.45,26.45,26.27,26.3,52155
20221115,26.43,26.43,26.36,26.42,52834
20221116,26.34,26.34,26.21,26.25,47745
20221117,26.32,26.32,26.2,26.24,36592
20221118,26.25,26.3,26.2,26.25,24979
20221121,26.29,26.29,26.16,26.24,31410
20221122,26.24,26.35,26.24,26.35,61773
20221123,26.11,26.17,26.08,26.11,28549
20221124,25.93,26,25.9,25.9,24823
20221125,25.98,25.98,25.88,25.94,45262
20221128,25.93,26.15,25.84,26.14,211190
20221129,26.19,26.19,26.06,26.14,55224
20221130,26.14,26.21,26.08,26.19,26324
20221201,26.09,26.13,26,26.13,24124
20221202,26.44,26.48,26.32,26.36,60410
20221205,26.35,26.45,26.34,26.41,54437
20221206,26.4,26.43,26.28,26.33,92578
20221207,26.5,26.5,26.35,26.46,25226
20221208,26.5,26.6,26.48,26.5,60499
20221209,26.43,26.44,26.35,26.44,56709
20221212,26.44,26.51,26.29,26.3,64205
20221213,26.39,26.44,26.31,26.31,26380
20221214,26.43,26.5,26.37,26.46,36371
20221215,26.35,26.35,26.17,26.22,30732
20221216,26.42,26.5,26.42,26.48,54283
20221219,26.68,26.76,26.63,26.65,44967
20221220,26.7,26.89,26.61,26.84,100132
20221221,26.9,27.2,26.9,27.19,90271
20221222,27.07,27.07,26.88,26.9,51362
20221223,26.8,26.87,26.74,26.84,55615
20221228,26.84,26.95,26.79,26.95,51651
20221229,26.84,26.84,26.7,26.73,22531
20221230,26.75,26.83,26.75,26.83,18369
20230103,26.83,26.98,26.82,26.92,98426
20230104,27.25,27.35,27.16,27.16,85520
20230105,27.2,27.21,27.07,27.14,11809
20230106,27.2,27.2,27.04,27.1,38173
20230109,27.15,27.15,27.04,27.08,45494
20230110,27.08,27.12,27,27.05,24722
20230111,27.15,27.21,27.1,27.15,51968
20230112,27,27.22,27,27.21,30260
20230113,27.2,27.27,27.18,27.24,49209
20230116,27.46,27.52,27.36,27.44,52020
20230117,27.5,27.52,27.35,27.37,49175
20230118,27.32,27.32,27.1,27.13,33308
20230119,27.3,27.62,27.3,27.62,42314
20230120,27.89,27.95,27.78,27.8,72055
20230123,27.7,27.7,27.54,27.58,56718
20230124,27.48,27.48,27.4,27.44,71497
20230125,27.48,27.5,27.12,27.15,79351
20230127,27.15,27.15,26.94,27.01,159434
20230130,27.13,27.21,27.02,27.21,21835
20230131,27.18,27.29,27.16,27.25,16257
20230201,27.33,27.33,27.2,27.23,31430
20230202,27.27,27.34,27.24,27.29,42861
20230203,27.01,27.16,26.96,27.11,59635
20230206,27,27.09,26.82,27,57200
20230207,27.01,27.12,26.94,26.95,15855
20230208,26.95,26.95,26.84,26.9,49714
20230209,26.96,27.07,26.96,26.97,17159
20230210,26.9,26.9,26.76,26.79,47599
20230213,26.9,26.95,26.85,26.85,30224
20230214,26.63,26.68,26.55,26.63,57752
20230215,26.58,26.63,26.46,26.58,21833
20230216,26.58,26.68,26.52,26.56,59195
20230217,26.64,26.72,26.61,26.62,24960
20230220,26.66,26.9,26.66,26.71,63550
20230221,26.65,26.68,26.59,26.64,28493
20230222,26.68,26.84,26.68,26.82,36216
20230223,26.82,26.82,26.7,26.74,38734
20230224,26.7,26.85,26.69,26.73,14992
20230227,26.95,26.96,26.85,26.96,25409
20230228,26.97,26.97,26.86,26.92,31935
20230301,27.05,27.19,27.05,27.06,44126
20230302,27.07,27.17,27.07,27.13,23049
20230303,27.2,27.27,27.2,27.23,54699
20230306,27.23,27.49,27.23,27.4,29288
20230307,27.3,27.49,27.3,27.46,156635
20230308,27.4,27.5,27.4,27.46,81244
20230309,27.4,27.53,27.39,27.39,91207
20230310,27.77,27.81,27.67,27.68,92607
20230313,28.31,28.42,28.18,28.2,151043
20230314,28.48,28.7,28.48,28.62,184692
20230315,28.45,28.47,28.3,28.38,120932
20230316,28.96,29.02,28.7,28.7,145023
20230317,28.77,28.84,28.66,28.72,63076
20230320,29.44,29.48,29.23,29.45,143066
20230321,29.42,29.61,29.36,29.57,131398
20230322,29.07,29.12,28.92,28.93,87630
20230323,29.4,29.4,29.22,29.22,88545
20230324,29.7,29.865,29.7,29.76,94932
20230327,29.9,29.9,29.49,29.65,64194
20230328,29.4,29.4,29.2,29.25,113054
20230329,29.36,29.42,29.3,29.3,38957
20230330,29.35,29.36,29.26,29.26,14241
20230331,29.44,29.49,29.39,29.49,56544
20230403,29.36,29.41,29.21,29.24,75932
20230404,29.2,29.25,29.13,29.23,50189
20230405,29.85,30.03,29.81,30.03,144983
20230406,30.08,30.08,29.94,30.06,74298
20230411,29.97,30,29.86,29.9,79950
20230412,30.05,30.27,30.05,30.23,68929
20230413,30.1,30.12,29.98,30.03,70798
20230414,30.03,30.11,29.99,30.08,82722
20230417,29.86,29.92,29.74,29.92,111205
20230418,29.73,29.76,29.67,29.69,30803
20230419,29.7,29.77,29.69,29.7,85407
20230420,29.7,29.74,29.64,29.64,54685
20230421,29.69,29.77,29.64,29.65,22943
20230424,29.55,29.65,29.55,29.61,20220
20230426,30.05,30.17,30.05,30.13,65350
20230427,30.12,30.24,30.04,30.04,60495
20230428,29.95,30,29.86,29.96,79442
20230501,29.98,30,29.76,29.76,60239
20230502,29.8,29.89,29.51,29.51,39235
20230503,30.14,30.24,30.14,30.19,55441
20230504,30.8,30.9,30.45,30.57,89585
20230505,30.58,30.58,30.32,30.34,78876
20230508,29.82,29.87,29.77,29.77,74044
20230509,29.77,29.84,29.73,29.82,51982
20230510,30.01,30.08,29.94,29.94,33448
20230511,29.9,29.99,29.88,29.99,71094
20230512,30,30.05,29.95,29.96,120427
20230515,30.18,30.25,30.12,30.13,198662
20230516,30.05,30.12,29.98,30.12,132811
20230517,29.86,29.91,29.8,29.9,86414
20230518,29.75,29.85,29.69,29.71,62978
20230519,29.53,29.56,29.45,29.53,86272
20230522,29.65,29.75,29.63,29.64,64791
20230523,29.58,29.58,29.41,29.41,36936
20230524,29.75,29.95,29.75,29.95,44583
20230525,29.92,29.95,29.84,29.84,64777
20230526,29.84,29.89,29.77,29.87,64326
20230529,29.77,29.77,29.65,29.67,57939
20230530,29.73,29.77,29.62,29.65,52817
20230531,30,30.19,29.97,30.19,95470
20230601,30.19,30.27,30.07,30.1,76017
20230602,30.05,30.05,29.88,29.88,32858
20230605,29.52,29.52,29.38,29.4,54650
20230606,29.55,29.61,29.35,29.36,167218
20230607,29.34,29.43,29.31,29.33,48717
20230608,29.1,29.22,29.1,29.15,56194
20230609,29.26,29.29,29.2,29.23,42984
20230613,29,29.01,28.9,28.92,73803
20230614,28.67,28.74,28.63,28.72,55323
20230615,28.55,28.57,28.33,28.34,85433
20230616,28.35,28.45,28.35,28.4,39865
20230619,28.4,28.56,28.4,28.43,34614
20230620,28.43,28.64,28.4,28.6,31757
20230621,28.49,28.53,28.42,28.5,28210
20230622,28.4,28.48,28.34,28.48,50373
20230623,28.25,28.58,28.24,28.56,101670
20230626,28.73,28.82,28.7,28.82,87729
20230627,28.76,28.76,28.61,28.66,104034
20230628,28.65,28.85,28.6,28.77,62873
20230629,28.84,28.9,28.73,28.76,76785
20230630,28.7,28.85,28.7,28.73,70012
20230703,28.74,28.8,28.66,28.71,88395
20230704,28.74,28.89,28.69,28.85,49124
20230705,28.78,28.78,28.69,28.73,20867
20230706,28.76,28.83,28.71,28.79,68099
20230707,28.78,28.83,28.73,28.8,20586
20230710,28.75,28.8,28.71,28.78,61624
20230711,28.72,28.8,28.72,28.8,58918
20230712,28.84,28.84,28.72,28.83,105177
20230713,28.8,28.8,28.64,28.67,93019
20230714,28.47,28.68,28.34,28.35,139402
20230717,28.44,28.66,28.44,28.62,68740
20230718,28.65,28.67,28.61,28.64,67696
20230719,28.95,29.08,28.93,29.01,139710
20230720,29.1,29.15,28.94,28.94,77047
20230721,29.04,29.1,28.99,28.99,31793
20230724,29.15,29.15,29.03,29.04,47431
20230725,28.99,29,28.93,28.94,50699
20230726,28.86,29.07,28.86,29,40976
20230727,29.07,29.11,28.94,29.03,94022
20230728,28.98,29.36,28.95,29.22,112617
20230731,29.35,29.35,29.18,29.18,117910
20230801,29.19,29.35,29.15,29.28,71108
20230802,29.42,29.59,29.34,29.59,133742
20230803,29.54,29.59,29.51,29.53,45675
20230804,29.45,29.45,29.35,29.4,28158
20230807,29.51,29.51,29.37,29.41,32770
20230808,29.4,29.55,29.38,29.55,78625
20230809,29.38,29.43,29.34,29.41,31138
20230810,29.3,29.3,29.23,29.25,41237
20230811,29.29,29.32,29.25,29.31,21010
20230814,29.35,29.54,29.35,29.5,67517
20230815,29.35,29.39,29.21,29.21,88650
20230816,29.35,29.5,29.34,29.48,101479
20230817,29.47,29.62,29.42,29.6,128813
20230818,29.37,29.52,29.37,29.52,65950
20230821,29.42,29.52,29.38,29.45,49816
20230822,29.47,29.55,29.44,29.49,96941
20230823,29.49,29.5,29.39,29.48,86591
20230824,29.5,29.6,29.5,29.54,45336
20230825,29.81,29.84,29.76,29.77,67547
20230828,29.78,29.83,29.69,29.74,67512
20230829,29.75,29.86,29.75,29.79,36057
20230830,29.73,29.9,29.73,29.83,35077
20230831,29.96,29.96,29.87,29.92,97961
20230901,29.86,29.92,29.83,29.91,88134
20230904,29.95,30.04,29.95,29.96,69158
20230905,29.93,30.18,29.92,30.18,123999
20230906,30.13,30.2,30.07,30.07,35693
20230907,29.98,30.12,29.96,30.04,52056
20230908,30.06,30.12,29.97,30,46568
20230911,29.93,29.97,29.85,29.88,59433
20230912,29.82,29.86,29.79,29.8,47419
20230913,29.69,29.78,29.68,29.75,46512
20230914,29.7,29.7,29.54,29.59,45026
20230915,29.61,29.67,29.52,29.55,55288
20230918,29.76,29.89,29.76,29.84,75264
20230919,29.98,29.99,29.91,29.96,38882
20230920,29.84,29.87,29.8,29.83,19687
20230921,29.91,30.05,29.89,30.05,50121
20230922,29.91,29.95,29.85,29.88,80449
20230925,29.85,29.87,29.76,29.85,68814
20230926,29.77,29.8,29.7,29.74,20601
20230927,29.69,29.71,29.62,29.65,49877
20230928,29.53,29.53,29.32,29.36,44701
20230929,28.98,29,28.79,28.86,52687
20231002,28.73,28.86,28.61,28.7,75764
20231003,28.68,28.74,28.57,28.71,107253
20231004,28.84,28.92,28.76,28.76,103844
20231005,28.74,28.75,28.59,28.63,67348
20231006,28.53,28.57,28.5,28.55,20481
20231009,29,29.1,28.91,29.09,118868
20231010,28.98,29,28.92,28.97,54064
20231011,28.87,28.9,28.81,28.88,40567
20231012,29.13,29.2,29.13,29.16,57887
20231013,29.5,29.61,29.5,29.61,50092
20231016,30.45,30.47,30.27,30.29,124485
20231017,30.27,30.27,30.02,30.05,42690
20231018,30.18,30.45,30.16,30.32,51869
20231019,30.69,30.88,30.69,30.82,124494
20231020,31.1,31.49,31.08,31.26,256597
20231023,31.24,31.24,31.06,31.19,73261
20231024,31.12,31.12,30.98,30.98,49833
20231025,31,31,30.79,30.8,110916
20231026,31.4,31.6,31.4,31.59,98055
20231027,31.32,31.36,31.23,31.31,63240
20231030,31.46,31.56,31.4,31.44,36030
20231031,31.23,31.33,31.22,31.33,71668
20231101,31.3,31.3,31.12,31.14,18943
20231102,31.13,31.13,30.76,30.82,77541
20231103,31,31,30.76,30.77,79463
20231106,30.2,30.7,30.2,30.4,158937
20231107,30.36,30.65,30.25,30.54,59987
20231108,30.7,31.2,30.46,30.48,32008
20231109,30.39,30.41,30.25,30.34,54751
20231110,30.65,30.79,30.64,30.64,57224
20231113,30.6,30.79,30.34,30.35,61517
20231114,30.43,30.48,30.4,30.43,31222
20231115,30.19,30.2,30.07,30.2,57335
20231116,30.11,30.27,29.95,30.27,59813
20231117,30.52,30.66,30.48,30.64,38781
20231120,30.4,30.4,30.14,30.17,59718
20231121,30.14,30.23,30.06,30.2,77446
20231122,30.43,30.44,30.35,30.4,27079
20231123,30.36,30.4,30.29,30.39,49557
20231124,30.33,30.34,30.28,30.32,73006
20231127,30.39,30.61,30.25,30.61,155048
20231128,30.61,30.61,30.34,30.38,41181
20231129,30.6,30.72,30.56,30.68,59297
20231130,31,31,30.68,30.68,37873
20231201,30.69,30.83,30.69,30.79,73311
20231204,30.8,32,30.8,31.29,113226
20231205,30.62,30.93,30.57,30.76,47910
20231206,30.71,30.78,30.57,30.6,19751
20231207,30.83,30.99,30.82,30.95,72943
20231208,30.67,30.69,30.6,30.6,53579
20231211,30.6,30.6,30.34,30.37,30516
20231212,30.2,30.2,30.03,30.06,101549
20231213,30.07,30.15,30.06,30.09,47040
20231214,30.33,30.43,30.13,30.16,67170
20231215,30.16,30.35,30.16,30.22,18530
20231218,30.3,30.3,30.02,30.07,29652
20231219,30.11,30.18,29.99,30.03,40295
20231220,30.05,30.13,30.03,30.05,59978
20231221,30.05,30.13,30.04,30.11,46768
20231222,30.03,30.15,30.03,30.11,35691
20231227,30.12,30.21,30.1,30.1,16447
20231228,30.2,30.39,30.2,30.39,35213
20231229,30.25,30.25,30.15,30.2,13741
20240102,30.2,30.33,30.16,30.25,18292
20240103,30.3,30.49,30.3,30.45,21502
20240104,30.34,30.34,30.22,30.22,24130
20240105,30.34,30.44,30.34,30.44,6195
20240108,30.56,30.56,30.28,30.32,32307
20240109,30.2,30.2,30.1,30.17,41723
20240110,30.25,30.32,30.18,30.22,26363
20240111,30.2,30.2,30.1,30.12,23057
20240112,30.2,30.3,30.11,30.26,26452
20240115,30.5,30.63,30.49,30.63,85239
20240116,30.74,30.9,30.74,30.88,44676
20240117,30.7,30.75,30.65,30.74,33668
20240118,30.56,30.62,30.51,30.55,41605
20240119,30.55,30.7,30.55,30.65,346356
20240122,30.65,30.79,30.6,30.61,43224
20240123,30.65,30.7,30.57,30.64,33452
20240124,30.71,30.75,30.7,30.7,40228
20240125,30.57,30.6,30.54,30.58,32046
20240129,30.55,30.72,30.55,30.66,33421
20240130,30.58,30.86,30.58,30.64,39326
20240131,30.72,30.91,30.72,30.87,35027
20240201,30.92,31.13,30.92,31.12,65997
20240202,31.2,31.2,31.02,31.06,49369
20240205,31.18,31.33,31.06,31.12,49981
20240206,31.13,31.19,30.99,31,54449
20240207,31.08,31.1,31.02,31.08,20671
20240208,31.1,31.15,31.04,31.07,34542
20240209,31.26,31.26,31.2,31.23,42178
20240212,31.23,31.23,30.89,30.95,38583
20240213,30.84,30.91,30.82,30.91,18718
20240214,30.77,30.8,30.74,30.74,31899
20240215,30.6,30.67,30.56,30.64,36132
20240216,30.66,30.7,30.6,30.67,76790
20240219,30.7,30.9,30.7,30.79,61515
20240220,30.81,30.85,30.72,30.83,28846
20240221,30.84,30.84,30.77,30.83,42085
20240222,30.84,30.88,30.8,30.85,52348
20240223,30.85,30.96,30.72,30.72,27534
20240226,30.8,31.1,30.8,30.89,43880
20240227,30.99,31.05,30.92,31,38124
20240228,30.9,31.07,30.89,31.07,92674
20240229,31.1,31.24,31.1,31.14,51523
20240301,31.3,31.37,31.3,31.31,34614
20240304,31.77,31.96,31.68,31.82,74691
20240305,31.82,32.44,31.82,32.44,169468
20240306,32.58,32.71,32.49,32.55,72244
20240307,32.6,32.7,32.56,32.68,109019
20240308,32.58,32.58,32.43,32.45,64863
20240311,32.75,32.93,32.75,32.89,148188
20240312,32.89,32.92,32.78,32.85,38100
20240313,32.68,32.68,32.51,32.55,36349
20240314,32.92,32.92,32.68,32.73,41737
20240315,32.72,32.89,32.72,32.86,32086
20240318,32.76,32.79,32.58,32.6,37056
20240319,32.81,32.99,32.81,32.96,33195
20240320,32.96,32.97,32.89,32.97,18143
20240321,33.15,33.36,33.1,33.14,100335
20240322,33.14,33.24,33.07,33.22,65794
20240325,33.2,33.22,33.11,33.16,26533
20240326,33.12,33.15,33.03,33.09,26364
20240327,33.22,33.33,33.21,33.27,40168
20240328,33.46,33.52,33.41,33.5,48115
20240402,34.6,34.7,34.5,34.68,104562
20240403,34.88,35.01,34.85,34.94,64522
20240404,34.98,34.98,34.8,34.8,81015
20240405,34.7,34.7,34.36,34.55,115446
20240408,35.01,35.6,35,35.41,172302
20240409,35.35,35.43,35.3,35.4,103204
20240410,35.4,35.51,35.3,35.51,72588
20240411,35.75,35.89,35.73,35.76,81192
20240412,36.17,36.5,36.15,36.48,120009
20240415,36.41,36.45,36.18,36.28,159851
20240416,36.8,37.13,36.8,37.03,72956
20240417,37.1,37.14,36.97,37,96263
20240418,36.68,36.78,36.6,36.73,61604
20240419,36.99,37.79,36.88,37.15,344027
20240422,37.08,37.08,36.57,36.62,127172
20240423,36.09,36.1,35.48,35.64,573450
20240424,35.68,35.7,35.38,35.62,131611
20240426,35.65,35.7,35.54,35.62,104824
20240429,35.65,35.66,35.3,35.4,104414
20240430,35.47,35.57,35.43,35.44,80813
20240501,35.23,35.33,35.16,35.23,34333
20240502,35.42,35.55,35.28,35.29,46188
20240503,34.98,35,34.85,34.95,96565
20240506,34.66,34.86,34.55,34.82,96642
20240507,35.03,35.08,34.89,35.06,51720
20240508,35.06,35.17,34.97,35.14,61992
20240509,35.03,35.15,34.93,35.13,37036
20240510,35.37,35.58,35.3,35.55,77861
20240513,35.61,35.73,35.52,35.53,63987
20240514,35.2,35.41,35.2,35.38,37955
20240515,35.5,35.5,35.32,35.34,38879
20240516,35.62,35.71,35.53,35.66,81172
20240517,35.52,35.61,35.43,35.59,24702
20240520,36.02,36.41,35.94,36.41,94287
20240521,36.3,36.32,36.07,36.17,135177
20240522,36.18,36.25,36.05,36.08,102826
20240523,35.89,35.89,35.56,35.6,60831
20240524,35.22,35.33,35.16,35.32,40402
20240527,35.34,35.5,35.12,35.2,89183
20240528,35.21,35.26,35.12,35.16,71396
20240529,35.32,35.41,35.26,35.39,42927
20240530,35.3,35.3,35.12,35.13,42264
20240531,35.15,35.29,35.15,35.15,42622
20240603,34.88,34.89,34.77,34.79,56647
20240604,34.95,35.06,34.95,35.06,56323
20240605,34.95,35.04,34.85,34.93,39493
20240606,35.24,35.49,35.21,35.44,55528
20240607,35.56,35.64,35.42,35.52,55108
20240611,34.89,34.9,34.72,34.74,78673
20240612,34.9,34.93,34.82,34.86,34222
20240613,34.76,34.76,34.57,34.65,34701
20240614,34.61,34.79,34.59,34.79,30171
20240617,35.04,35.13,35,35.04,55920
20240618,34.95,35.07,34.91,34.94,41450
20240619,34.88,34.88,34.76,34.82,34759
20240620,34.75,35.05,34.74,35.05,71340
20240621,35.36,35.45,35.27,35.34,59911
20240624,34.84,34.95,34.78,34.87,82424
20240625,34.88,34.91,34.75,34.78,61255
20240626,34.8,35.01,34.48,34.48,85691
20240627,34.46,34.5,34.35,34.36,19172
20240628,34.89,35.02,34.82,35.02,66694
20240701,34.74,34.77,34.62,34.7,38256
20240702,34.95,34.99,34.86,34.95,44775
20240703,34.86,34.88,34.74,34.86,19915
20240704,35,35.05,34.94,34.98,35218
20240705,34.95,35.05,34.87,35.05,33327
20240708,35.28,35.32,35.13,35.19,44173
20240709,34.93,35.03,34.9,34.97,48423
20240710,34.99,35.06,34.91,35.03,95719
20240711,34.97,35.14,34.97,35.14,47731
20240712,35.6,35.6,35.39,35.39,52984
20240715,35.44,35.49,35.41,35.42,64963
20240716,35.69,35.94,35.65,35.94,44149
20240717,36.54,36.71,36.42,36.48,100742
20240718,36.42,36.52,36.4,36.49,70090
20240719,36.35,36.35,35.99,35.99,88210
20240722,35.89,36.05,35.79,35.97,91161
20240723,35.98,36.07,35.94,35.99,22378
20240724,36.23,36.6,36.23,36.48,108598
20240725,36.4,36.44,36.03,36.15,113925
20240726,35.97,36.16,35.9,36.11,111761
20240729,36.49,36.49,36.29,36.37,102055
20240730,36.17,36.33,36.17,36.3,97580
20240731,36.66,37.21,36.65,37.15,79105
20240801,37.28,37.48,37.15,37.32,76159
20240802,37.42,37.72,37.39,37.72,281365
20240805,37.45,37.88,37.11,37.88,216987
20240806,36.83,37.02,36.71,36.75,157957
20240807,36.53,36.53,36.21,36.4,123012
20240808,36.51,36.53,36.29,36.4,65583
20240809,36.66,36.7,36.5,36.58,49484
20240812,36.8,36.87,36.67,36.83,157331
20240813,37.4,37.49,37.15,37.22,59081
20240814,37.02,37.13,36.96,36.99,69565
20240815,36.99,37.1,36.88,36.91,60418
20240816,36.99,37.08,36.84,36.92,71379
20240819,37.36,37.45,37.2,37.3,58476
20240820,37.08,37.13,37.02,37.08,67387
20240821,37.2,37.22,37.08,37.19,208578
20240822,37.15,37.15,36.99,37,72342
20240823,36.97,37,36.88,36.96,71935
20240826,36.95,36.96,36.87,36.93,37081
20240827,37,37.26,36.81,36.93,48148
20240828,37.01,37.09,36.8,36.8,31164
20240829,36.84,36.96,36.81,36.9,68193
20240830,36.96,36.96,36.76,36.84,82607
20240902,36.86,36.96,36.7,36.76,59020
20240903,36.65,36.94,36.6,36.9,84805
20240904,36.97,37.13,36.97,37.06,60189
20240905,37.05,37.05,36.93,37.05,58790
20240906,37.25,37.37,37.15,37.37,53335
20240909,37.25,37.32,37.19,37.2,41292
20240910,37.49,37.55,37.35,37.37,85912
20240911,37.64,37.75,37.6,37.74,61183
20240912,37.65,37.65,37.43,37.48,30308
20240913,37.89,38.08,37.83,38.05,72774
20240916,38.28,38.39,38.23,38.35,142935
20240917,38.15,38.16,38.04,38.09,68261
20240918,38.09,38.09,37.85,37.85,69509
20240919,37.71,37.77,37.53,37.65,98989
20240920,37.72,37.95,37.72,37.94,75528
20240923,38.3,38.42,38.26,38.37,95716
20240924,38.31,38.35,38.21,38.35,62679
20240925,38.38,38.61,38.34,38.45,145212
20240926,38.76,38.87,38.64,38.64,69261
20240927,38.65,38.72,38.59,38.6,56339
20240930,38.59,38.59,38.13,38.2,75352
20241001,38,38.02,37.9,38,40359
20241002,38.55,38.55,38.32,38.4,41186
20241003,38.47,38.6,38.47,38.54,79541
20241004,38.64,38.83,38.57,38.82,49969
20241007,38.85,38.86,38.73,38.76,34564
20241008,38.96,39.43,38.89,39.11,45155
20241009,38.99,39.11,38.68,38.74,118617
20241010,38.71,38.74,38.65,38.68,43913
20241011,38.9,39.09,38.82,39.09,39940
20241014,39.17,39.35,39.1,39.35,54769
20241015,39.29,39.3,39.18,39.25,36759
20241016,39.53,39.74,39.53,39.68,68009
20241017,39.95,40.01,39.76,39.98,44807
20241018,40.1,40.3,40.02,40.29,50763
20241021,40.4,40.57,40.34,40.49,103977
20241022,40.76,40.81,40.5,40.78,101444
20241023,40.98,41.05,40.78,41.05,97974
20241024,40.86,40.9,40.79,40.87,58154
20241025,40.87,41.15,40.87,41.01,67018
20241028,41.25,41.32,41.15,41.31,110655
20241029,41.53,41.81,41.47,41.81,119659
20241030,42.4,42.4,42.06,42.3,115614
20241031,42.3,42.33,42.21,42.25,100295
20241101,41.64,41.7,41.5,41.7,105891
20241104,41.8,42.22,41.25,41.32,126871
20241105,41.45,41.45,41.2,41.27,88193
20241106,41.5,42.24,41.19,41.79,201814
20241107,40.99,41,39.92,39.98,150647
20241108,39.98,41.51,39.98,40.4,176894
20241111,40.5,40.7,40.3,40.37,197532
20241112,39.89,39.89,39.61,39.75,132236
20241113,39.68,39.82,39.55,39.69,114445
20241114,39.6,39.6,39.34,39.43,116814
20241115,39.5,39.69,39.5,39.54,50431
20241118,39.54,39.93,39.53,39.92,90310
20241119,40,40.16,39.92,40.14,59645
20241120,40.18,40.26,40.12,40.25,42708
20241121,40.5,40.69,40.5,40.61,44426
20241122,41,41.62,40.79,41.2,66411
20241125,41.47,41.85,40.72,40.84,94446
20241126,40.28,40.58,40.15,40.3,117538
20241127,40.42,40.63,40.4,40.56,36540
20241128,40.48,40.48,40.12,40.39,44331
20241129,40.45,40.73,40.33,40.64,41684
20241202,38.61,40.62,38.61,40.25,67960
20241203,40.4,40.71,40.25,40.6,36755
20241204,40.66,41.09,40.56,40.99,59591
20241205,41,41.1,40.95,40.95,27861
20241206,40.63,40.93,40.5,40.87,76620
20241209,40.9,41.25,40.86,41.13,55580
20241210,41.01,41.63,41.01,41.62,138822
20241211,41.8,42.2,41.8,41.89,90017
20241212,42.53,42.53,42,42.09,73405
20241213,42,42.1,41.78,42,43097
20241216,41.47,41.69,41.34,41.55,127366
20241217,41.55,41.9,41.41,41.73,31089
20241218,41.6,41.72,41.52,41.72,23658
20241219,41.38,41.96,41.37,41.66,62736
20241220,41.5,41.61,41.41,41.55,51905
20241223,41.71,41.88,41.69,41.7,80799
20241224,41.51,41.88,41.51,41.88,23583
20241227,42.07,42.25,42.07,42.14,21305
20241230,42.14,42.56,41.86,41.88,29016
20241231,41.8,41.87,41.67,41.78,12231
20250102,41.8,42.29,41.8,42.16,40276
20250103,42.43,42.72,42.3,42.68,40946
20250106,42.34,42.41,42.14,42.3,56136
20250107,42.05,42.08,41.96,41.99,38465
20250108,42.31,42.45,42.27,42.31,50485
20250109,42.5,42.75,42.5,42.7,48651
20250110,42.93,43,42.85,42.99,45807
20250113,43.64,43.99,43.33,43.61,65436
20250114,42.9,43.5,42.8,42.99,69849
20250115,43.05,43.05,42.99,42.99,37992
20250116,43.27,43.54,43.01,43.3,57534
20250117,43.5,43.65,43.45,43.6,54336
